0 3 0 1 61 7
1 3 0 3 62 11
2 3 0 0 6 64
3 3 0 2 10 63
4 3 0 0 64 13
5 3 0 2 63 9
6 3 0 1 8 61
7 3 0 3 12 62
8 3 0 60 65 61
9 3 0 60 66 62
10 3 0 60 63 66
11 3 0 60 64 65
12 3 0 60 61 67
13 3 0 60 62 68
14 3 0 60 67 63
15 3 0 60 68 64
16 3 0 6 7 65
17 3 0 10 11 66
18 3 0 8 9 67
19 3 0 12 13 68
20 3 0 13 64 68
21 3 0 8 67 61
22 3 0 9 63 67
23 3 0 12 68 62
24 3 0 7 61 65
25 3 0 6 65 64
26 3 0 10 66 63
27 3 0 11 62 66
28 3 0 203 85 137
29 3 0 110 203 137
30 3 0 55 56 114
31 3 0 80 111 220
32 3 0 82 122 136
33 3 0 81 135 123
34 3 0 91 123 135
35 3 0 90 136 122
36 3 0 111 119 220
37 3 0 70 119 111
38 3 0 55 114 139
39 3 0 19 196 127
40 3 0 72 132 161
41 3 0 71 162 131
42 3 0 69 166 137
43 3 0 103 137 166
44 3 0 102 161 132
45 3 0 101 131 162
46 3 0 198 143 82
47 3 0 197 81 142
48 3 0 79 139 114
49 3 0 18 19 127
50 3 0 117 197 142
51 3 0 118 143 198
52 3 0 105 127 220
53 3 0 10 138 116
54 3 0 44 45 133
55 3 0 28 29 134
56 3 0 205 142 73
57 3 0 204 73 143
58 3 0 117 142 205
59 3 0 118 204 143
60 3 0 27 28 134
61 3 0 45 46 133
62 3 0 37 38 125
63 3 0 35 36 126
64 3 0 76 107 229
65 3 0 77 230 106
66 3 0 83 108 188
67 3 0 84 189 109
68 3 0 99 127 196
69 3 0 121 166 165
70 3 0 92 171 209
71 3 0 105 187 127
72 3 0 89 166 121
73 3 0 20 21 145
74 3 0 52 53 144
75 3 0 49 233 130
76 3 0 24 129 232
77 3 0 83 167 108
78 3 0 84 109 168
79 3 0 110 137 184
80 3 0 80 220 127
81 3 0 76 169 107
82 3 0 77 106 170
83 3 0 93 169 129
84 3 0 94 130 170
85 3 0 116 214 221
86 3 0 36 200 126
87 3 0 37 125 200
88 3 0 87 213 115
89 3 0 21 207 145
90 3 0 52 144 206
91 3 0 78 221 214
92 3 0 109 130 233
93 3 0 108 232 129
94 3 0 79 110 212
95 3 0 79 203 110
96 3 0 82 177 122
97 3 0 81 123 178
98 3 0 48 49 130
99 3 0 24 25 129
100 3 0 104 165 209
101 3 0 80 194 111
102 3 0 129 169 218
103 3 0 130 219 170
104 3 0 104 211 165
105 3 0 70 111 176
106 3 0 82 125 177
107 3 0 81 178 126
108 3 0 10 11 138
109 3 0 92 209 149
110 3 0 83 188 112
111 3 0 84 113 189
112 3 0 84 162 113
113 3 0 83 112 161
114 3 0 97 125 143
115 3 0 97 142 126
116 3 0 116 138 214
117 3 0 54 55 139
118 3 0 54 139 195
119 3 0 56 153 114
120 3 0 82 143 125
121 3 0 81 126 142
122 3 0 72 112 192
123 3 0 71 193 113
124 3 0 79 174 124
125 3 0 87 115 157
126 3 0 85 149 137
127 3 0 72 161 112
128 3 0 71 113 162
129 3 0 71 198 136
130 3 0 72 135 197
131 3 0 97 126 200
132 3 0 97 200 125
133 3 0 87 114 153
134 3 0 87 153 213
135 3 0 87 174 114
136 3 0 71 159 198
137 3 0 72 197 158
138 3 0 79 212 139
139 3 0 213 58 115
140 3 0 79 114 174
141 3 0 115 58 180
142 3 0 86 148 181
143 3 0 51 147 168
144 3 0 22 167 146
145 3 0 86 181 227
146 3 0 76 163 188
147 3 0 77 189 164
148 3 0 90 122 216
149 3 0 91 217 123
150 3 0 50 51 168
151 3 0 22 23 167
152 3 0 113 164 189
153 3 0 112 188 163
154 3 0 88 158 117
155 3 0 89 118 159
156 3 0 70 120 208
157 3 0 26 27 134
158 3 0 46 47 133
159 3 0 4 28 27
160 3 0 45 5 46
161 3 0 70 208 119
162 3 0 98 195 139
163 3 0 77 164 230
164 3 0 76 229 163
165 3 0 79 124 203
166 3 0 70 176 124
167 3 0 17 187 181
168 3 0 70 124 152
169 3 0 88 117 205
170 3 0 89 204 118
171 3 0 160 86 208
172 3 0 10 116 222
173 3 0 120 160 208
174 3 0 124 174 152
175 3 0 39 216 122
176 3 0 34 123 217
177 3 0 39 122 177
178 3 0 34 178 123
179 3 0 42 43 140
180 3 0 30 31 141
181 3 0 85 179 149
182 3 0 75 156 171
183 3 0 115 221 157
184 3 0 69 137 149
185 3 0 70 228 120
186 3 0 88 205 121
187 3 0 89 121 204
188 3 0 78 160 120
189 3 0 69 165 166
190 3 0 98 175 182
191 3 0 78 120 157
192 3 0 104 171 156
193 3 0 84 186 162
194 3 0 83 161 185
195 3 0 88 121 165
196 3 0 100 138 154
197 3 0 105 181 187
198 3 0 75 171 128
199 3 0 92 128 171
200 3 0 104 209 171
201 3 0 91 151 217
202 3 0 90 216 150
203 3 0 103 184 137
204 3 0 78 157 221
205 3 0 40 41 150
206 3 0 32 33 151
207 3 0 15 16 148
208 3 0 85 203 176
209 3 0 99 145 183
210 3 0 98 182 144
211 3 0 38 177 125
212 3 0 35 126 178
213 3 0 124 176 203
214 3 0 88 132 158
215 3 0 89 159 131
216 3 0 94 133 191
217 3 0 93 190 134
218 3 0 56 57 153
219 3 0 3 154 11
220 3 0 29 172 134
221 3 0 44 133 173
222 3 0 74 184 155
223 3 0 91 135 192
224 3 0 90 193 136
225 3 0 110 175 212
226 3 0 72 158 132
227 3 0 71 131 159
228 3 0 93 129 190
229 3 0 94 191 130
230 3 0 103 155 184
231 3 0 106 140 170
232 3 0 107 169 141
233 3 0 74 175 184
234 3 0 110 184 175
235 3 0 101 162 186
236 3 0 102 185 161
237 3 0 83 146 167
238 3 0 84 168 147
239 3 0 11 154 138
240 3 0 101 155 131
241 3 0 102 132 156
242 3 0 47 191 133
243 3 0 26 134 190
244 3 0 96 206 144
245 3 0 95 145 207
246 3 0 83 185 146
247 3 0 84 147 186
248 3 0 69 209 165
249 3 0 2 10 222
250 3 0 3 14 154
251 3 0 80 127 215
252 3 0 99 215 127
253 3 0 95 146 185
254 3 0 96 186 147
255 3 0 22 146 207
256 3 0 51 206 147
257 3 0 80 128 194
258 3 0 42 140 224
259 3 0 31 225 141
260 3 0 21 22 207
261 3 0 51 52 206
262 3 0 18 127 187
263 3 0 99 183 226
264 3 0 25 190 129
265 3 0 48 130 191
266 3 0 92 179 194
267 3 0 92 194 128
268 3 0 16 17 181
269 3 0 111 194 179
270 3 0 76 218 169
271 3 0 77 170 219
272 3 0 88 165 211
273 3 0 80 215 128
274 3 0 107 225 151
275 3 0 106 150 224
276 3 0 94 173 133
277 3 0 93 134 172
278 3 0 98 139 212
279 3 0 93 172 141
280 3 0 94 140 173
281 3 0 43 173 140
282 3 0 30 141 172
283 3 0 106 224 140
284 3 0 107 141 225
285 3 0 71 136 193
286 3 0 72 192 135
287 3 0 128 215 226
288 3 0 15 148 199
289 3 0 215 99 226
290 3 0 148 231 199
291 3 0 100 154 199
292 3 0 108 129 218
293 3 0 109 219 130
294 3 0 75 128 226
295 3 0 39 40 216
296 3 0 33 34 217
297 3 0 32 151 225
298 3 0 41 224 150
299 3 0 29 30 172
300 3 0 43 44 173
301 3 0 93 141 169
302 3 0 94 170 140
303 3 0 74 182 175
304 3 0 92 149 179
305 3 0 38 39 177
306 3 0 34 35 178
307 3 0 100 214 138
308 3 0 82 136 198
309 3 0 81 197 135
310 3 0 91 192 163
311 3 0 90 164 193
312 3 0 89 131 210
313 3 0 88 211 132
314 3 0 105 227 181
315 3 0 14 199 154
316 3 0 87 228 152
317 3 0 87 152 174
318 3 0 57 58 213
319 3 0 74 155 201
320 3 0 75 202 156
321 3 0 107 151 229
322 3 0 106 230 150
323 3 0 87 157 228
324 3 0 96 144 182
325 3 0 95 183 145
326 3 0 16 181 148
327 3 0 58 59 180
328 3 0 17 18 187
329 3 0 101 201 155
330 3 0 102 156 202
331 3 0 25 26 190
332 3 0 47 48 191
333 3 0 20 145 196
334 3 0 53 195 144
335 3 0 95 185 202
336 3 0 96 201 186
337 3 0 97 223 142
338 3 0 97 143 223
339 3 0 70 152 228
340 3 0 19 20 196
341 3 0 53 54 195
342 3 0 98 144 195
343 3 0 99 196 145
344 3 0 100 199 231
345 3 0 73 142 223
346 3 0 73 223 143
347 3 0 91 229 151
348 3 0 90 150 230
349 3 0 116 180 222
350 3 0 14 15 199
351 3 0 36 37 200
352 3 0 73 204 205
353 3 0 59 222 180
354 3 0 95 207 146
355 3 0 96 147 206
356 3 0 131 155 210
357 3 0 132 211 156
358 3 0 121 205 204
359 3 0 69 149 209
360 3 0 103 210 155
361 3 0 104 156 211
362 3 0 40 150 216
363 3 0 33 217 151
364 3 0 49 50 233
365 3 0 23 24 232
366 3 0 101 186 201
367 3 0 102 202 185
368 3 0 86 231 148
369 3 0 41 42 224
370 3 0 31 32 225
371 3 0 118 198 159
372 3 0 117 158 197
373 3 0 2 222 59
374 3 0 85 176 179
375 3 0 112 163 192
376 3 0 113 193 164
377 3 0 111 179 176
378 3 0 95 202 183
379 3 0 96 182 201
380 3 0 78 214 160
381 3 0 100 160 214
382 3 0 89 210 166
383 3 0 57 213 153
384 3 0 103 166 210
385 3 0 116 221 180
386 3 0 108 167 232
387 3 0 109 233 168
388 3 0 86 160 231
389 3 0 120 228 157
390 3 0 91 163 229
391 3 0 90 230 164
392 3 0 23 232 167
393 3 0 50 168 233
394 3 0 74 201 182
395 3 0 75 183 202
396 3 0 76 188 218
397 3 0 77 219 189
398 3 0 100 231 160
399 3 0 108 218 188
400 3 0 109 189 219
401 3 0 115 180 221
402 3 0 98 212 175
403 3 0 75 226 183
404 3 0 119 208 227
405 3 0 119 227 220
406 3 0 105 220 227
407 3 0 86 227 208
