0 -5.0000 50.0000 0 0
1 5.0000 50.0000 0 0
2 5.0000 40.0000 0 0
3 -5.0000 40.0000 0 0
4 -25.0000 0.0000 -1 -1
5 25.0000 0.0000 -1 -1
6 -1.6667 50.0000 0 0
7 1.6667 50.0000 0 0
8 5.0000 46.6667 0 0
9 5.0000 43.3333 0 0
10 1.6667 40.0000 0 0
11 -1.6667 40.0000 0 0
12 -5.0000 43.3333 0 0
13 -5.0000 46.6667 0 0
14 -6.3333 37.3333 0 0
15 -7.6667 34.6667 0 0
16 -9.0000 32.0000 0 0
17 -10.3333 29.3333 0 0
18 -11.6667 26.6667 0 0
19 -13.0000 24.0000 0 0
20 -14.3333 21.3333 0 0
21 -15.6667 18.6667 0 0
22 -17.0000 16.0000 0 0
23 -18.3333 13.3333 0 0
24 -19.6667 10.6667 0 0
25 -21.0000 8.0000 0 0
26 -22.3333 5.3333 0 0
27 -23.6667 2.6667 0 0
28 -22.3684 0.0000 -1 -1
29 -19.7368 0.0000 -1 -1
30 -17.1053 0.0000 -1 -1
31 -14.4737 0.0000 -1 -1
32 -11.8421 0.0000 -1 -1
33 -9.2105 0.0000 -1 -1
34 -6.5789 0.0000 -1 -1
35 -3.9474 0.0000 -1 -1
36 -1.3158 0.0000 -1 -1
37 1.3158 0.0000 -1 -1
38 3.9474 0.0000 -1 -1
39 6.5789 0.0000 -1 -1
40 9.2105 0.0000 -1 -1
41 11.8421 0.0000 -1 -1
42 14.4737 0.0000 -1 -1
43 17.1053 0.0000 -1 -1
44 19.7368 0.0000 -1 -1
45 22.3684 0.0000 -1 -1
46 23.6667 2.6667 0 0
47 22.3333 5.3333 0 0
48 21.0000 8.0000 0 0
49 19.6667 10.6667 0 0
50 18.3333 13.3333 0 0
51 17.0000 16.0000 0 0
52 15.6667 18.6667 0 0
53 14.3333 21.3333 0 0
54 13.0000 24.0000 0 0
55 11.6667 26.6667 0 0
56 10.3333 29.3333 0 0
57 9.0000 32.0000 0 0
58 7.6667 34.6667 0 0
59 6.3333 37.3333 0 0
60 -0.0000 45.0000 0 0
61 2.1892 47.1892 0 0
62 -2.1892 42.8108 0 0
63 2.1892 42.8108 0 0
64 -2.1892 47.1892 0 0
65 -0.0000 48.1702 0 0
66 0.0000 41.8298 0 0
67 3.1702 45.0000 0 0
68 -3.1702 45.0000 0 0
69 -0.0056 15.5537 0 0
70 -0.1456 26.2921 0 0
71 7.8796 9.4227 0 0
72 -7.8796 9.4227 0 0
73 0.0046 7.3944 0 0
74 7.5378 17.4844 0 0
75 -7.5612 17.5980 0 0
76 -13.7030 6.2733 0 0
77 13.7030 6.2733 0 0
78 0.5044 32.1809 0 0
79 5.8568 23.6716 0 0
80 -5.9417 23.4289 0 0
81 -4.9122 4.8285 0 0
82 4.9122 4.8285 0 0
83 -13.1967 11.6047 0 0
84 13.1967 11.6047 0 0
85 0.6851 20.3770 0 0
86 -4.1726 30.4684 0 0
87 4.7823 29.1481 0 0
88 -3.1607 11.2766 0 0
89 3.2273 11.1066 0 0
90 9.4558 4.6822 0 0
91 -9.4558 4.6822 0 0
92 -3.3300 19.4292 0 0
93 -17.9875 4.2818 0 0
94 17.9875 4.2818 0 0
95 -11.7858 16.6057 0 0
96 11.7858 16.6057 0 0
97 0.0038 3.9023 0 0
98 9.5759 21.3232 0 0
99 -9.5759 21.3232 0 0
100 -3.0901 34.4655 0 0
101 8.6579 13.6804 0 0
102 -8.6579 13.6804 0 0
103 4.0301 15.4993 0 0
104 -4.0301 15.4993 0 0
105 -7.1922 27.1615 0 0
106 13.2394 3.4440 0 0
107 -13.2394 3.4440 0 0
108 -15.6757 10.0580 0 0
109 15.6757 10.0580 0 0
110 4.9319 20.1396 0 0
111 -2.9083 24.0213 0 0
112 -11.1635 9.1664 0 0
113 11.1635 9.1664 0 0
114 7.6323 26.9231 0 0
115 4.6338 32.5902 0 0
116 2.0926 36.4007 0 0
117 -3.2703 8.2339 0 0
118 3.2703 8.2339 0 0
119 -3.4574 26.5445 0 0
120 -0.2832 29.6893 0 0
121 0.0379 11.0396 0 0
122 6.9945 3.3588 0 0
123 -6.9945 3.3588 0 0
124 2.6768 24.1900 0 0
125 2.4619 2.5785 0 0
126 -2.4608 2.5785 0 0
127 -9.1231 24.5811 0 0
128 -6.3659 20.4730 0 0
129 -17.8873 7.6921 0 0
130 17.8873 7.6921 0 0
131 6.4655 12.0171 0 0
132 -6.3849 12.0930 0 0
133 20.5688 2.8987 0 0
134 -20.5688 2.8987 0 0
135 -7.3442 6.2294 0 0
136 7.3442 6.2294 0 0
137 2.4034 17.8891 0 0
138 -0.7116 36.8837 0 0
139 9.5245 24.2718 0 0
140 15.6808 2.2955 0 0
141 -15.6808 2.2955 0 0
142 -2.0912 5.9355 0 0
143 2.0751 5.8659 0 0
144 12.4571 19.2904 0 0
145 -12.4571 19.2904 0 0
146 -14.2708 14.8507 0 0
147 14.2708 14.8507 0 0
148 -6.1766 32.3831 0 0
149 -0.6678 18.3656 0 0
150 10.7749 2.2977 0 0
151 -10.7749 2.2977 0 0
152 2.7667 26.7655 0 0
153 7.3148 29.7313 0 0
154 -3.6922 37.3097 0 0
155 6.4828 15.0957 0 0
156 -6.4988 15.0579 0 0
157 2.3609 30.8124 0 0
158 -5.3148 9.8129 0 0
159 5.3148 9.8129 0 0
160 -1.9895 31.7453 0 0
161 -9.9149 11.3662 0 0
162 9.8989 11.4064 0 0
163 -11.5307 6.8012 0 0
164 11.5307 6.8012 0 0
165 -1.5243 13.6571 0 0
166 1.9739 13.8966 0 0
167 -15.7815 12.6982 0 0
168 15.7815 12.6982 0 0
169 -15.7176 5.3266 0 0
170 15.7176 5.3266 0 0
171 -4.9824 17.5201 0 0
172 -18.2158 1.8952 0 0
173 18.2158 1.8952 0 0
174 5.0475 26.1427 0 0
175 7.4395 19.7388 0 0
176 0.2120 23.0746 0 0
177 5.0362 1.9998 0 0
178 -5.0362 1.9998 0 0
179 -1.5750 21.1502 0 0
180 4.7943 35.3847 0 0
181 -7.2599 29.5266 0 0
182 9.6694 18.3935 0 0
183 -9.9291 18.1048 0 0
184 5.3652 17.6577 0 0
185 -11.1744 14.0044 0 0
186 11.1717 14.0111 0 0
187 -9.2087 27.0706 0 0
188 -13.5781 8.7920 0 0
189 13.5781 8.7920 0 0
190 -19.9370 5.8018 0 0
191 19.9370 5.8018 0 0
192 -9.4748 7.2604 0 0
193 9.4748 7.2604 0 0
194 -4.1623 21.8247 0 0
195 11.8880 21.8940 0 0
196 -11.8880 21.8940 0 0
197 -5.3032 7.4254 0 0
198 5.3032 7.4254 0 0
199 -5.2734 35.0265 0 0
200 0.0005 1.7213 0 0
201 9.2195 15.9083 0 0
202 -9.2201 15.9188 0 0
203 2.7943 21.5570 0 0
204 1.2993 9.0566 0 0
205 -1.2963 9.0564 0 0
206 14.0208 17.1054 0 0
207 -14.0208 17.1054 0 0
208 -2.2406 28.4907 0 0
209 -2.0028 16.3185 0 0
210 4.4022 13.4487 0 0
211 -4.3671 13.3712 0 0
212 7.4657 21.8290 0 0
213 6.6795 31.6272 0 0
214 -0.4031 34.3889 0 0
215 -7.9057 22.5241 0 0
216 8.5964 1.8808 0 0
217 -8.5964 1.8808 0 0
218 -15.4539 7.7269 0 0
219 15.4539 7.7269 0 0
220 -5.5597 25.6677 0 0
221 2.3305 33.6263 0 0
222 4.0458 37.8575 0 0
223 0.0114 5.7509 0 0
224 13.1694 1.4584 0 0
225 -13.1694 1.4584 0 0
226 -8.3780 19.5632 0 0
227 -4.9105 28.0601 0 0
228 1.5611 28.5605 0 0
229 -11.7408 4.6997 0 0
230 11.7408 4.6997 0 0
231 -3.9357 32.5375 0 0
232 -17.5208 11.0141 0 0
233 17.5208 11.0141 0 0
