0 0.0000 0.0000 -1 -1
1 6.0000 0.0000 -1 -1
2 6.0000 2.0000 -1 -1
3 0.0000 2.0000 -1 -1
4 1.5000 1.0000 0 0
5 0.5000 1.0000 0 0
6 3.5000 1.0000 0 0
7 2.5000 1.0000 0 0
8 5.5000 1.0000 0 0
9 4.5000 1.0000 0 0
10 0.1250 0.0000 0 0
11 0.2500 0.0000 0 0
12 0.3750 0.0000 0 0
13 0.5000 0.0000 0 0
14 0.6250 0.0000 0 0
15 0.7500 0.0000 0 0
16 0.8750 0.0000 0 0
17 1.0000 0.0000 0 0
18 1.1250 0.0000 0 0
19 1.2500 0.0000 0 0
20 1.3750 0.0000 0 0
21 1.5000 0.0000 0 0
22 1.6250 0.0000 0 0
23 1.7500 0.0000 0 0
24 1.8750 0.0000 0 0
25 2.0000 0.0000 0 0
26 2.1250 0.0000 0 0
27 2.2500 0.0000 0 0
28 2.3750 0.0000 0 0
29 2.5000 0.0000 0 0
30 2.6250 0.0000 0 0
31 2.7500 0.0000 0 0
32 2.8750 0.0000 0 0
33 3.0000 0.0000 0 0
34 3.1250 0.0000 0 0
35 3.2500 0.0000 0 0
36 3.3750 0.0000 0 0
37 3.5000 0.0000 0 0
38 3.6250 0.0000 0 0
39 3.7500 0.0000 0 0
40 3.8750 0.0000 0 0
41 4.0000 0.0000 0 0
42 4.1250 0.0000 0 0
43 4.2500 0.0000 0 0
44 4.3750 0.0000 0 0
45 4.5000 0.0000 0 0
46 4.6250 0.0000 0 0
47 4.7500 0.0000 0 0
48 4.8750 0.0000 0 0
49 5.0000 0.0000 0 0
50 5.1250 0.0000 0 0
51 5.2500 0.0000 0 0
52 5.3750 0.0000 0 0
53 5.5000 0.0000 0 0
54 5.6250 0.0000 0 0
55 5.7500 0.0000 0 0
56 5.8750 0.0000 0 0
57 6.0000 0.1250 -1 -1
58 6.0000 0.2500 -1 -1
59 6.0000 0.3750 -1 -1
60 6.0000 0.5000 -1 -1
61 6.0000 0.6250 -1 -1
62 6.0000 0.7500 -1 -1
63 6.0000 0.8750 -1 -1
64 6.0000 1.0000 -1 -1
65 6.0000 1.1250 -1 -1
66 6.0000 1.2500 -1 -1
67 6.0000 1.3750 -1 -1
68 6.0000 1.5000 -1 -1
69 6.0000 1.6250 -1 -1
70 6.0000 1.7500 -1 -1
71 6.0000 1.8750 -1 -1
72 5.8750 2.0000 0 0
73 5.7500 2.0000 0 0
74 5.6250 2.0000 0 0
75 5.5000 2.0000 0 0
76 5.3750 2.0000 0 0
77 5.2500 2.0000 0 0
78 5.1250 2.0000 0 0
79 5.0000 2.0000 0 0
80 4.8750 2.0000 0 0
81 4.7500 2.0000 0 0
82 4.6250 2.0000 0 0
83 4.5000 2.0000 0 0
84 4.3750 2.0000 0 0
85 4.2500 2.0000 0 0
86 4.1250 2.0000 0 0
87 4.0000 2.0000 0 0
88 3.8750 2.0000 0 0
89 3.7500 2.0000 0 0
90 3.6250 2.0000 0 0
91 3.5000 2.0000 0 0
92 3.3750 2.0000 0 0
93 3.2500 2.0000 0 0
94 3.1250 2.0000 0 0
95 3.0000 2.0000 0 0
96 2.8750 2.0000 0 0
97 2.7500 2.0000 0 0
98 2.6250 2.0000 0 0
99 2.5000 2.0000 0 0
100 2.3750 2.0000 0 0
101 2.2500 2.0000 0 0
102 2.1250 2.0000 0 0
103 2.0000 2.0000 0 0
104 1.8750 2.0000 0 0
105 1.7500 2.0000 0 0
106 1.6250 2.0000 0 0
107 1.5000 2.0000 0 0
108 1.3750 2.0000 0 0
109 1.2500 2.0000 0 0
110 1.1250 2.0000 0 0
111 1.0000 2.0000 0 0
112 0.8750 2.0000 0 0
113 0.7500 2.0000 0 0
114 0.6250 2.0000 0 0
115 0.5000 2.0000 0 0
116 0.3750 2.0000 0 0
117 0.2500 2.0000 0 0
118 0.1250 2.0000 0 0
119 0.0000 1.8750 -1 -1
120 0.0000 1.7500 -1 -1
121 0.0000 1.6250 -1 -1
122 0.0000 1.5000 -1 -1
123 0.0000 1.3750 -1 -1
124 0.0000 1.2500 -1 -1
125 0.0000 1.1250 -1 -1
126 0.0000 1.0000 -1 -1
127 0.0000 0.8750 -1 -1
128 0.0000 0.7500 -1 -1
129 0.0000 0.6250 -1 -1
130 0.0000 0.5000 -1 -1
131 0.0000 0.3750 -1 -1
132 0.0000 0.2500 -1 -1
133 0.0000 0.1250 -1 -1
134 1.4957 1.0653 0 0
135 1.4830 1.1294 0 0
136 1.4619 1.1913 0 0
137 1.4330 1.2500 0 0
138 1.3967 1.3044 0 0
139 1.3536 1.3536 0 0
140 1.3044 1.3967 0 0
141 1.2500 1.4330 0 0
142 1.1913 1.4619 0 0
143 1.1294 1.4830 0 0
144 1.0653 1.4957 0 0
145 1.0000 1.5000 0 0
146 0.9347 1.4957 0 0
147 0.8706 1.4830 0 0
148 0.8087 1.4619 0 0
149 0.7500 1.4330 0 0
150 0.6956 1.3967 0 0
151 0.6464 1.3536 0 0
152 0.6033 1.3044 0 0
153 0.5670 1.2500 0 0
154 0.5381 1.1913 0 0
155 0.5170 1.1294 0 0
156 0.5043 1.0653 0 0
157 0.5043 0.9347 0 0
158 0.5170 0.8706 0 0
159 0.5381 0.8087 0 0
160 0.5670 0.7500 0 0
161 0.6033 0.6956 0 0
162 0.6464 0.6464 0 0
163 0.6956 0.6033 0 0
164 0.7500 0.5670 0 0
165 0.8087 0.5381 0 0
166 0.8706 0.5170 0 0
167 0.9347 0.5043 0 0
168 1.0000 0.5000 0 0
169 1.0653 0.5043 0 0
170 1.1294 0.5170 0 0
171 1.1913 0.5381 0 0
172 1.2500 0.5670 0 0
173 1.3044 0.6033 0 0
174 1.3536 0.6464 0 0
175 1.3967 0.6956 0 0
176 1.4330 0.7500 0 0
177 1.4619 0.8087 0 0
178 1.4830 0.8706 0 0
179 1.4957 0.9347 0 0
180 3.4957 1.0653 0 0
181 3.4830 1.1294 0 0
182 3.4619 1.1913 0 0
183 3.4330 1.2500 0 0
184 3.3967 1.3044 0 0
185 3.3536 1.3536 0 0
186 3.3044 1.3967 0 0
187 3.2500 1.4330 0 0
188 3.1913 1.4619 0 0
189 3.1294 1.4830 0 0
190 3.0653 1.4957 0 0
191 3.0000 1.5000 0 0
192 2.9347 1.4957 0 0
193 2.8706 1.4830 0 0
194 2.8087 1.4619 0 0
195 2.7500 1.4330 0 0
196 2.6956 1.3967 0 0
197 2.6464 1.3536 0 0
198 2.6033 1.3044 0 0
199 2.5670 1.2500 0 0
200 2.5381 1.1913 0 0
201 2.5170 1.1294 0 0
202 2.5043 1.0653 0 0
203 2.5043 0.9347 0 0
204 2.5170 0.8706 0 0
205 2.5381 0.8087 0 0
206 2.5670 0.7500 0 0
207 2.6033 0.6956 0 0
208 2.6464 0.6464 0 0
209 2.6956 0.6033 0 0
210 2.7500 0.5670 0 0
211 2.8087 0.5381 0 0
212 2.8706 0.5170 0 0
213 2.9347 0.5043 0 0
214 3.0000 0.5000 0 0
215 3.0653 0.5043 0 0
216 3.1294 0.5170 0 0
217 3.1913 0.5381 0 0
218 3.2500 0.5670 0 0
219 3.3044 0.6033 0 0
220 3.3536 0.6464 0 0
221 3.3967 0.6956 0 0
222 3.4330 0.7500 0 0
223 3.4619 0.8087 0 0
224 3.4830 0.8706 0 0
225 3.4957 0.9347 0 0
226 5.4957 1.0653 0 0
227 5.4830 1.1294 0 0
228 5.4619 1.1913 0 0
229 5.4330 1.2500 0 0
230 5.3967 1.3044 0 0
231 5.3536 1.3536 0 0
232 5.3044 1.3967 0 0
233 5.2500 1.4330 0 0
234 5.1913 1.4619 0 0
235 5.1294 1.4830 0 0
236 5.0653 1.4957 0 0
237 5.0000 1.5000 0 0
238 4.9347 1.4957 0 0
239 4.8706 1.4830 0 0
240 4.8087 1.4619 0 0
241 4.7500 1.4330 0 0
242 4.6956 1.3967 0 0
243 4.6464 1.3536 0 0
244 4.6033 1.3044 0 0
245 4.5670 1.2500 0 0
246 4.5381 1.1913 0 0
247 4.5170 1.1294 0 0
248 4.5043 1.0653 0 0
249 4.5043 0.9347 0 0
250 4.5170 0.8706 0 0
251 4.5381 0.8087 0 0
252 4.5670 0.7500 0 0
253 4.6033 0.6956 0 0
254 4.6464 0.6464 0 0
255 4.6956 0.6033 0 0
256 4.7500 0.5670 0 0
257 4.8087 0.5381 0 0
258 4.8706 0.5170 0 0
259 4.9347 0.5043 0 0
260 5.0000 0.5000 0 0
261 5.0653 0.5043 0 0
262 5.1294 0.5170 0 0
263 5.1913 0.5381 0 0
264 5.2500 0.5670 0 0
265 5.3044 0.6033 0 0
266 5.3536 0.6464 0 0
267 5.3967 0.6956 0 0
268 5.4330 0.7500 0 0
269 5.4619 0.8087 0 0
270 5.4830 0.8706 0 0
271 5.4957 0.9347 0 0
272 0.3500 0.5370 0 0
273 5.6500 1.4630 0 0
274 5.6500 0.5370 0 0
275 0.3500 1.4630 0 0
276 4.0000 0.6088 0 0
277 2.0000 0.6088 0 0
278 2.0000 1.3902 0 0
279 4.0000 1.3902 0 0
280 0.5250 0.2760 0 0
281 5.4750 1.7240 0 0
282 4.4375 0.2939 0 0
283 1.5625 1.7058 0 0
284 3.5625 0.2939 0 0
285 2.4375 0.2939 0 0
286 2.4375 1.7058 0 0
287 4.4375 1.7058 0 0
288 5.4750 0.2760 0 0
289 0.5250 1.7240 0 0
290 3.5625 1.7058 0 0
291 1.5625 0.2939 0 0
292 1.6250 0.5879 0 0
293 1.7500 0.8044 0 0
294 3.6250 0.5879 0 0
295 3.7500 0.8044 0 0
296 2.3750 1.4116 0 0
297 2.2500 1.1951 0 0
298 4.3750 1.4116 0 0
299 4.2500 1.1951 0 0
300 4.2500 0.8044 0 0
301 4.3750 0.5879 0 0
302 2.2500 0.8044 0 0
303 2.3750 0.5879 0 0
304 1.7500 1.1951 0 0
305 1.6250 1.4116 0 0
306 3.7500 1.1951 0 0
307 3.6250 1.4116 0 0
308 2.0000 0.9995 0 0
309 4.0000 0.9995 0 0
310 3.1250 0.2835 0 0
311 2.8750 0.2835 0 0
312 3.1250 1.7165 0 0
313 2.8750 1.7165 0 0
314 5.1250 1.7165 0 0
315 4.8750 1.7165 0 0
316 1.1250 0.2835 0 0
317 0.8750 0.2835 0 0
318 5.1250 0.2835 0 0
319 4.8750 0.2835 0 0
320 1.1250 1.7165 0 0
321 0.8750 1.7165 0 0
322 3.4062 0.4305 0 0
323 3.7812 0.4513 0 0
324 2.5938 1.5694 0 0
325 2.2188 1.5480 0 0
326 1.4062 0.4305 0 0
327 1.7812 0.4513 0 0
328 4.5938 1.5694 0 0
329 4.2188 1.5480 0 0
330 4.2187 0.4513 0 0
331 4.5937 0.4305 0 0
332 1.7813 1.5480 0 0
333 1.4063 1.5694 0 0
334 2.2187 0.4513 0 0
335 2.5937 0.4305 0 0
336 3.7813 1.5480 0 0
337 3.4063 1.5694 0 0
338 0.2500 1.0000 0 0
339 0.1750 0.7685 0 0
340 0.4250 0.7685 0 0
341 0.5500 0.5520 0 0
342 5.7500 1.0000 0 0
343 5.8250 1.2315 0 0
344 5.5750 1.2315 0 0
345 5.4500 1.4480 0 0
346 5.4500 0.5520 0 0
347 5.5750 0.7685 0 0
348 5.8250 0.7685 0 0
349 0.5500 1.4480 0 0
350 0.4250 1.2315 0 0
351 0.1750 1.2315 0 0
352 0.6375 0.4215 0 0
353 0.7625 0.1380 0 0
354 5.3625 1.5785 0 0
355 5.2375 1.8620 0 0
356 3.2812 0.1470 0 0
357 2.7188 1.8529 0 0
358 4.7187 0.1470 0 0
359 1.2813 1.8529 0 0
360 4.7188 1.8529 0 0
361 2.7187 0.1470 0 0
362 5.2375 0.1380 0 0
363 5.3625 0.4215 0 0
364 3.2813 1.8529 0 0
365 1.2812 0.1470 0 0
366 0.7625 1.8620 0 0
367 0.6375 1.5785 0 0
368 0.4375 0.4065 0 0
369 5.5625 1.5935 0 0
370 5.5625 0.4065 0 0
371 0.4375 1.5935 0 0
372 4.0000 0.3044 0 0
373 3.7812 0.1470 0 0
374 2.0000 1.6951 0 0
375 2.2188 1.8529 0 0
376 2.0000 0.3044 0 0
377 1.7812 0.1470 0 0
378 4.0000 1.6951 0 0
379 4.2188 1.8529 0 0
380 4.2187 0.1470 0 0
381 1.7813 1.8529 0 0
382 2.2187 0.1470 0 0
383 3.7813 1.8529 0 0
384 5.7375 1.8620 0 0
385 5.8250 1.7315 0 0
386 0.2625 0.1380 0 0
387 0.1750 0.2685 0 0
388 0.1750 1.7315 0 0
389 0.2625 1.8620 0 0
390 5.8250 0.2685 0 0
391 5.7375 0.1380 0 0
392 1.5915 0.7772 0 0
393 1.6250 0.9022 0 0
394 1.5290 0.6689 0 0
395 1.6875 0.6961 0 0
396 1.4375 0.5774 0 0
397 1.8125 0.5983 0 0
398 1.8750 0.7066 0 0
399 3.5915 0.7772 0 0
400 3.6250 0.9022 0 0
401 3.5290 0.6689 0 0
402 3.6875 0.6961 0 0
403 3.4375 0.5774 0 0
404 3.8125 0.5983 0 0
405 3.8750 0.7066 0 0
406 2.4085 1.2226 0 0
407 2.3750 1.0976 0 0
408 2.4710 1.3308 0 0
409 2.3125 1.3034 0 0
410 2.5625 1.4223 0 0
411 2.1875 1.4009 0 0
412 2.1250 1.2927 0 0
413 4.4085 1.2226 0 0
414 4.3750 1.0976 0 0
415 4.4710 1.3308 0 0
416 4.3125 1.3034 0 0
417 4.5625 1.4223 0 0
418 4.1875 1.4009 0 0
419 4.1250 1.2927 0 0
420 4.3750 0.9022 0 0
421 4.4085 0.7772 0 0
422 4.3125 0.6961 0 0
423 4.4710 0.6689 0 0
424 4.1250 0.7066 0 0
425 4.1875 0.5983 0 0
426 4.5625 0.5774 0 0
427 2.3750 0.9022 0 0
428 2.4085 0.7772 0 0
429 2.3125 0.6961 0 0
430 2.4710 0.6689 0 0
431 2.1250 0.7066 0 0
432 2.1875 0.5983 0 0
433 2.5625 0.5774 0 0
434 1.6250 1.0976 0 0
435 1.5915 1.2226 0 0
436 1.6875 1.3034 0 0
437 1.5290 1.3308 0 0
438 1.8750 1.2927 0 0
439 1.8125 1.4009 0 0
440 1.4375 1.4223 0 0
441 3.6250 1.0976 0 0
442 3.5915 1.2226 0 0
443 3.6875 1.3034 0 0
444 3.5290 1.3308 0 0
445 3.8750 1.2927 0 0
446 3.8125 1.4009 0 0
447 3.4375 1.4223 0 0
448 2.2500 0.9997 0 0
449 2.1250 1.0973 0 0
450 2.1250 0.9019 0 0
451 2.0000 1.1948 0 0
452 2.0000 0.8041 0 0
453 1.7500 0.9997 0 0
454 1.8750 0.9019 0 0
455 1.8750 1.0973 0 0
456 3.7500 0.9997 0 0
457 3.8750 0.9019 0 0
458 3.8750 1.0973 0 0
459 4.0000 0.8041 0 0
460 4.0000 1.1948 0 0
461 4.2500 0.9997 0 0
462 4.1250 1.0973 0 0
463 4.1250 0.9019 0 0
464 3.0625 0.1417 0 0
465 3.0000 0.2835 0 0
466 2.9375 0.1417 0 0
467 3.0625 0.3917 0 0
468 2.9375 0.3917 0 0
469 3.1875 0.4252 0 0
470 2.8125 0.4252 0 0
471 2.9375 1.6083 0 0
472 2.8125 1.5748 0 0
473 3.0625 1.6083 0 0
474 3.0000 1.7165 0 0
475 3.1875 1.5748 0 0
476 3.0625 1.8583 0 0
477 2.9375 1.8583 0 0
478 5.1875 1.5748 0 0
479 5.0625 1.6083 0 0
480 5.0000 1.7165 0 0
481 4.9375 1.6083 0 0
482 5.0625 1.8583 0 0
483 4.9375 1.8583 0 0
484 4.8125 1.5748 0 0
485 1.0625 0.1417 0 0
486 1.0000 0.2835 0 0
487 0.9375 0.1417 0 0
488 1.0625 0.3917 0 0
489 0.9375 0.3917 0 0
490 1.1875 0.4252 0 0
491 0.8125 0.4252 0 0
492 5.0625 0.1417 0 0
493 5.0000 0.2835 0 0
494 4.9375 0.1417 0 0
495 5.0625 0.3917 0 0
496 4.9375 0.3917 0 0
497 5.1875 0.4252 0 0
498 4.8125 0.4252 0 0
499 0.9375 1.6083 0 0
500 0.8125 1.5748 0 0
501 1.0625 1.6083 0 0
502 1.0000 1.7165 0 0
503 1.1875 1.5748 0 0
504 1.0625 1.8583 0 0
505 0.9375 1.8583 0 0
506 3.3281 0.4987 0 0
507 3.5156 0.5092 0 0
508 3.5937 0.4409 0 0
509 3.7031 0.5196 0 0
510 3.4844 0.3622 0 0
511 3.6719 0.3726 0 0
512 3.8906 0.5300 0 0
513 2.6719 1.5012 0 0
514 2.4844 1.4905 0 0
515 2.4063 1.5587 0 0
516 2.2969 1.4798 0 0
517 2.5156 1.6376 0 0
518 2.3281 1.6269 0 0
519 2.1094 1.4691 0 0
520 1.3281 0.4987 0 0
521 1.5156 0.5092 0 0
522 1.5937 0.4409 0 0
523 1.7031 0.5196 0 0
524 1.4844 0.3622 0 0
525 1.6719 0.3726 0 0
526 1.8906 0.5300 0 0
527 4.6719 1.5012 0 0
528 4.4844 1.4905 0 0
529 4.4063 1.5587 0 0
530 4.2969 1.4798 0 0
531 4.5156 1.6376 0 0
532 4.3281 1.6269 0 0
533 4.1094 1.4691 0 0
534 4.4844 0.5092 0 0
535 4.6719 0.4987 0 0
536 4.2969 0.5196 0 0
537 4.4062 0.4409 0 0
538 4.1094 0.5300 0 0
539 4.3281 0.3726 0 0
540 4.5156 0.3622 0 0
541 1.5156 1.4905 0 0
542 1.3281 1.5012 0 0
543 1.7031 1.4798 0 0
544 1.5938 1.5587 0 0
545 1.8906 1.4691 0 0
546 1.6719 1.6269 0 0
547 1.4844 1.6376 0 0
548 2.4844 0.5092 0 0
549 2.6719 0.4987 0 0
550 2.2969 0.5196 0 0
551 2.4062 0.4409 0 0
552 2.1094 0.5300 0 0
553 2.3281 0.3726 0 0
554 2.5156 0.3622 0 0
555 3.5156 1.4905 0 0
556 3.3281 1.5012 0 0
557 3.7031 1.4798 0 0
558 3.5938 1.5587 0 0
559 3.8906 1.4691 0 0
560 3.6719 1.6269 0 0
561 3.4844 1.6376 0 0
562 0.3750 1.0000 0 0
563 0.3375 0.8843 0 0
564 0.4625 0.8843 0 0
565 0.2125 0.8843 0 0
566 0.3000 0.7685 0 0
567 0.1250 1.0000 0 0
568 0.0875 0.8843 0 0
569 0.2625 0.6528 0 0
570 0.3875 0.6528 0 0
571 0.4960 0.7593 0 0
572 0.4875 0.6603 0 0
573 0.5585 0.6510 0 0
574 0.4500 0.5445 0 0
575 0.6500 0.5595 0 0
576 5.6250 1.0000 0 0
577 5.6625 1.1157 0 0
578 5.5375 1.1157 0 0
579 5.7875 1.1157 0 0
580 5.7000 1.2315 0 0
581 5.8750 1.0000 0 0
582 5.9125 1.1157 0 0
583 5.7375 1.3472 0 0
584 5.6125 1.3472 0 0
585 5.5040 1.2407 0 0
586 5.5125 1.3397 0 0
587 5.4415 1.3490 0 0
588 5.5500 1.4555 0 0
589 5.3500 1.4405 0 0
590 5.5040 0.7593 0 0
591 5.5375 0.8843 0 0
592 5.4415 0.6510 0 0
593 5.5125 0.6603 0 0
594 5.3500 0.5595 0 0
595 5.5500 0.5445 0 0
596 5.6125 0.6528 0 0
597 5.6625 0.8843 0 0
598 5.7000 0.7685 0 0
599 5.7875 0.8843 0 0
600 5.7375 0.6528 0 0
601 5.9125 0.8843 0 0
602 0.4960 1.2407 0 0
603 0.4625 1.1157 0 0
604 0.5585 1.3490 0 0
605 0.4875 1.3397 0 0
606 0.6500 1.4405 0 0
607 0.4500 1.4555 0 0
608 0.3875 1.3472 0 0
609 0.3375 1.1157 0 0
610 0.3000 1.2315 0 0
611 0.2125 1.1157 0 0
612 0.2625 1.3472 0 0
613 0.0875 1.1157 0 0
614 0.8187 0.2107 0 0
615 0.8812 0.0690 0 0
616 0.7562 0.3525 0 0
617 0.7000 0.2797 0 0
618 0.6937 0.4942 0 0
619 0.5812 0.3487 0 0
620 0.6437 0.2070 0 0
621 5.1813 1.7893 0 0
622 5.1188 1.9310 0 0
623 5.2438 1.6475 0 0
624 5.3000 1.7203 0 0
625 5.3063 1.5058 0 0
626 5.4188 1.6513 0 0
627 5.3563 1.7930 0 0
628 3.1406 0.0735 0 0
629 3.2031 0.2152 0 0
630 3.3437 0.2887 0 0
631 3.2656 0.3570 0 0
632 3.4219 0.2205 0 0
633 2.8594 1.9265 0 0
634 2.7969 1.7847 0 0
635 2.6563 1.7112 0 0
636 2.7344 1.6430 0 0
637 2.5781 1.7794 0 0
638 4.7969 0.2152 0 0
639 4.8594 0.0735 0 0
640 4.7344 0.3570 0 0
641 4.6562 0.2887 0 0
642 4.5781 0.2205 0 0
643 1.2031 1.7847 0 0
644 1.1406 1.9265 0 0
645 1.2656 1.6430 0 0
646 1.3438 1.7112 0 0
647 1.4219 1.7794 0 0
648 4.8594 1.9265 0 0
649 4.7969 1.7847 0 0
650 4.6563 1.7112 0 0
651 4.7344 1.6430 0 0
652 4.5781 1.7794 0 0
653 2.7969 0.2152 0 0
654 2.8594 0.0735 0 0
655 2.7344 0.3570 0 0
656 2.6562 0.2887 0 0
657 2.5781 0.2205 0 0
658 5.1187 0.0690 0 0
659 5.1812 0.2107 0 0
660 5.3000 0.2797 0 0
661 5.2437 0.3525 0 0
662 5.3562 0.2070 0 0
663 5.4187 0.3487 0 0
664 5.3062 0.4942 0 0
665 3.2031 1.7847 0 0
666 3.1406 1.9265 0 0
667 3.2656 1.6430 0 0
668 3.3438 1.7112 0 0
669 3.4219 1.7794 0 0
670 1.1406 0.0735 0 0
671 1.2031 0.2152 0 0
672 1.3437 0.2887 0 0
673 1.2656 0.3570 0 0
674 1.4219 0.2205 0 0
675 0.8813 1.9310 0 0
676 0.8188 1.7893 0 0
677 0.7000 1.7203 0 0
678 0.7563 1.6475 0 0
679 0.6438 1.7930 0 0
680 0.5813 1.6513 0 0
681 0.6938 1.5058 0 0
682 0.5937 0.4868 0 0
683 0.4937 0.4793 0 0
684 0.5375 0.4140 0 0
685 0.3937 0.4718 0 0
686 0.4812 0.3413 0 0
687 5.4063 1.5132 0 0
688 5.5063 1.5207 0 0
689 5.4625 1.5860 0 0
690 5.6063 1.5282 0 0
691 5.5188 1.6587 0 0
692 5.4062 0.4868 0 0
693 5.4625 0.4140 0 0
694 5.5062 0.4793 0 0
695 5.5187 0.3413 0 0
696 5.6062 0.4718 0 0
697 0.5938 1.5132 0 0
698 0.5375 1.5860 0 0
699 0.4938 1.5207 0 0
700 0.4813 1.6587 0 0
701 0.3938 1.5282 0 0
702 4.0000 0.1522 0 0
703 3.8906 0.2257 0 0
704 3.8906 0.0735 0 0
705 3.8906 0.3779 0 0
706 3.7812 0.2992 0 0
707 4.0000 0.4566 0 0
708 3.6719 0.2205 0 0
709 2.0000 1.8476 0 0
710 2.1094 1.7740 0 0
711 2.1094 1.9265 0 0
712 2.1094 1.6216 0 0
713 2.2188 1.7005 0 0
714 2.0000 1.5427 0 0
715 2.3281 1.7794 0 0
716 2.0000 0.1522 0 0
717 1.8906 0.2257 0 0
718 1.8906 0.0735 0 0
719 1.8906 0.3779 0 0
720 1.7812 0.2992 0 0
721 2.0000 0.4566 0 0
722 1.6719 0.2205 0 0
723 4.0000 1.8476 0 0
724 4.1094 1.7740 0 0
725 4.1094 1.9265 0 0
726 4.1094 1.6216 0 0
727 4.2188 1.7005 0 0
728 4.0000 1.5427 0 0
729 4.3281 1.7794 0 0
730 4.1094 0.0735 0 0
731 4.1094 0.2257 0 0
732 4.2187 0.2992 0 0
733 4.1094 0.3779 0 0
734 4.3281 0.2205 0 0
735 1.8906 1.9265 0 0
736 1.8906 1.7740 0 0
737 1.7813 1.7005 0 0
738 1.8906 1.6216 0 0
739 1.6719 1.7794 0 0
740 2.1094 0.0735 0 0
741 2.1094 0.2257 0 0
742 2.2187 0.2992 0 0
743 2.1094 0.3779 0 0
744 2.3281 0.2205 0 0
745 3.8906 1.9265 0 0
746 3.8906 1.7740 0 0
747 3.7813 1.7005 0 0
748 3.8906 1.6216 0 0
749 3.6719 1.7794 0 0
750 5.8688 1.9310 0 0
751 5.7813 1.7967 0 0
752 5.9125 1.8657 0 0
753 5.6500 1.7277 0 0
754 5.6938 1.6625 0 0
755 5.6063 1.7930 0 0
756 5.7375 1.5972 0 0
757 0.1312 0.0690 0 0
758 0.2187 0.2033 0 0
759 0.0875 0.1343 0 0
760 0.3500 0.2723 0 0
761 0.3062 0.3375 0 0
762 0.3937 0.2070 0 0
763 0.2625 0.4028 0 0
764 0.0875 1.8657 0 0
765 0.2188 1.7967 0 0
766 0.1313 1.9310 0 0
767 0.3063 1.6625 0 0
768 0.3500 1.7277 0 0
769 0.2625 1.5972 0 0
770 0.3938 1.7930 0 0
771 5.9125 0.1343 0 0
772 5.7812 0.2033 0 0
773 5.8687 0.0690 0 0
774 5.6937 0.3375 0 0
775 5.6500 0.2723 0 0
776 5.7375 0.4028 0 0
777 5.6062 0.2070 0 0
778 0.3812 0.0690 0 0
779 0.6312 0.0690 0 0
780 0.5125 0.1380 0 0
781 0.0875 0.3843 0 0
782 0.1750 0.5185 0 0
783 0.0875 0.6343 0 0
784 5.6187 0.0690 0 0
785 5.4875 0.1380 0 0
786 5.3687 0.0690 0 0
787 5.9125 0.3843 0 0
788 5.9125 0.6343 0 0
789 5.8250 0.5185 0 0
790 5.9125 1.6157 0 0
791 5.8250 1.4815 0 0
792 5.9125 1.3657 0 0
793 5.6188 1.9310 0 0
794 5.3688 1.9310 0 0
795 5.4875 1.8620 0 0
796 0.3813 1.9310 0 0
797 0.5125 1.8620 0 0
798 0.6313 1.9310 0 0
799 0.0875 1.6157 0 0
800 0.0875 1.3657 0 0
801 0.1750 1.4815 0 0
802 1.3906 0.0735 0 0
803 1.6406 0.0735 0 0
804 1.5312 0.1470 0 0
805 2.3594 0.0735 0 0
806 2.6094 0.0735 0 0
807 2.4687 0.1470 0 0
808 3.3906 0.0735 0 0
809 3.6406 0.0735 0 0
810 3.5312 0.1470 0 0
811 4.3594 0.0735 0 0
812 4.6094 0.0735 0 0
813 4.4687 0.1470 0 0
814 4.6094 1.9265 0 0
815 4.3594 1.9265 0 0
816 4.4688 1.8529 0 0
817 3.6406 1.9265 0 0
818 3.3906 1.9265 0 0
819 3.5313 1.8529 0 0
820 2.6094 1.9265 0 0
821 2.3594 1.9265 0 0
822 2.4688 1.8529 0 0
823 1.6406 1.9265 0 0
824 1.3906 1.9265 0 0
825 1.5313 1.8529 0 0
826 1.5540 0.8864 0 0
827 1.5625 0.9511 0 0
828 1.5372 0.8239 0 0
829 1.6083 0.8397 0 0
830 1.5123 0.7636 0 0
831 1.6708 0.7908 0 0
832 1.6875 0.8533 0 0
833 1.4810 0.7095 0 0
834 1.5603 0.7231 0 0
835 1.6083 0.6825 0 0
836 1.6395 0.7367 0 0
837 1.5770 0.6284 0 0
838 1.6562 0.6420 0 0
839 1.7187 0.7503 0 0
840 1.4413 0.6577 0 0
841 1.3955 0.6119 0 0
842 1.4833 0.6232 0 0
843 1.3437 0.5722 0 0
844 1.5312 0.5826 0 0
845 1.7812 0.7013 0 0
846 1.8125 0.7555 0 0
847 1.7500 0.6472 0 0
848 1.8437 0.6524 0 0
849 1.7187 0.5931 0 0
850 1.9062 0.6035 0 0
851 1.9375 0.6577 0 0
852 3.5540 0.8864 0 0
853 3.5625 0.9511 0 0
854 3.5372 0.8239 0 0
855 3.6083 0.8397 0 0
856 3.5123 0.7636 0 0
857 3.6708 0.7908 0 0
858 3.6875 0.8533 0 0
859 3.4810 0.7095 0 0
860 3.5603 0.7231 0 0
861 3.6083 0.6825 0 0
862 3.6395 0.7367 0 0
863 3.5770 0.6284 0 0
864 3.6562 0.6420 0 0
865 3.7187 0.7503 0 0
866 3.4413 0.6577 0 0
867 3.3955 0.6119 0 0
868 3.4833 0.6232 0 0
869 3.3437 0.5722 0 0
870 3.5312 0.5826 0 0
871 3.7812 0.7013 0 0
872 3.8125 0.7555 0 0
873 3.7500 0.6472 0 0
874 3.8437 0.6524 0 0
875 3.7187 0.5931 0 0
876 3.9062 0.6035 0 0
877 3.9375 0.6577 0 0
878 2.4460 1.1135 0 0
879 2.4375 1.0488 0 0
880 2.4628 1.1760 0 0
881 2.3917 1.1601 0 0
882 2.4877 1.2363 0 0
883 2.3292 1.2088 0 0
884 2.3125 1.1463 0 0
885 2.5190 1.2904 0 0
886 2.4397 1.2767 0 0
887 2.3917 1.3171 0 0
888 2.3605 1.2630 0 0
889 2.4230 1.3712 0 0
890 2.3438 1.3575 0 0
891 2.2813 1.2492 0 0
892 2.5587 1.3422 0 0
893 2.6045 1.3879 0 0
894 2.5167 1.3766 0 0
895 2.6563 1.4277 0 0
896 2.4688 1.4170 0 0
897 2.2188 1.2980 0 0
898 2.1875 1.2439 0 0
899 2.2500 1.3521 0 0
900 2.1563 1.3468 0 0
901 2.2813 1.4063 0 0
902 2.0938 1.3956 0 0
903 2.0625 1.3414 0 0
904 4.4460 1.1135 0 0
905 4.4375 1.0488 0 0
906 4.4628 1.1760 0 0
907 4.3917 1.1601 0 0
908 4.4877 1.2363 0 0
909 4.3292 1.2088 0 0
910 4.3125 1.1463 0 0
911 4.5190 1.2904 0 0
912 4.4397 1.2767 0 0
913 4.3917 1.3171 0 0
914 4.3605 1.2630 0 0
915 4.4230 1.3712 0 0
916 4.3438 1.3575 0 0
917 4.2813 1.2492 0 0
918 4.5587 1.3422 0 0
919 4.6045 1.3879 0 0
920 4.5167 1.3766 0 0
921 4.6563 1.4277 0 0
922 4.4688 1.4170 0 0
923 4.2188 1.2980 0 0
924 4.1875 1.2439 0 0
925 4.2500 1.3521 0 0
926 4.1563 1.3468 0 0
927 4.2813 1.4063 0 0
928 4.0938 1.3956 0 0
929 4.0625 1.3414 0 0
930 4.4375 0.9511 0 0
931 4.4460 0.8864 0 0
932 4.3917 0.8397 0 0
933 4.4628 0.8239 0 0
934 4.3125 0.8533 0 0
935 4.3292 0.7908 0 0
936 4.4877 0.7636 0 0
937 4.2812 0.7503 0 0
938 4.3605 0.7367 0 0
939 4.3917 0.6825 0 0
940 4.4397 0.7231 0 0
941 4.3437 0.6420 0 0
942 4.4230 0.6284 0 0
943 4.5190 0.7095 0 0
944 4.1875 0.7555 0 0
945 4.2187 0.7013 0 0
946 4.1562 0.6524 0 0
947 4.2500 0.6472 0 0
948 4.0625 0.6577 0 0
949 4.0937 0.6035 0 0
950 4.2812 0.5931 0 0
951 4.5587 0.6577 0 0
952 4.5167 0.6232 0 0
953 4.6045 0.6119 0 0
954 4.4687 0.5826 0 0
955 4.6562 0.5722 0 0
956 2.4375 0.9511 0 0
957 2.4460 0.8864 0 0
958 2.3917 0.8397 0 0
959 2.4628 0.8239 0 0
960 2.3125 0.8533 0 0
961 2.3292 0.7908 0 0
962 2.4877 0.7636 0 0
963 2.2812 0.7503 0 0
964 2.3605 0.7367 0 0
965 2.3917 0.6825 0 0
966 2.4397 0.7231 0 0
967 2.3437 0.6420 0 0
968 2.4230 0.6284 0 0
969 2.5190 0.7095 0 0
970 2.1875 0.7555 0 0
971 2.2187 0.7013 0 0
972 2.1562 0.6524 0 0
973 2.2500 0.6472 0 0
974 2.0625 0.6577 0 0
975 2.0937 0.6035 0 0
976 2.2812 0.5931 0 0
977 2.5587 0.6577 0 0
978 2.5167 0.6232 0 0
979 2.6045 0.6119 0 0
980 2.4687 0.5826 0 0
981 2.6562 0.5722 0 0
982 1.5625 1.0488 0 0
983 1.5540 1.1135 0 0
984 1.6083 1.1601 0 0
985 1.5372 1.1760 0 0
986 1.6875 1.1463 0 0
987 1.6708 1.2088 0 0
988 1.5123 1.2363 0 0
989 1.7188 1.2492 0 0
990 1.6395 1.2630 0 0
991 1.6083 1.3171 0 0
992 1.5603 1.2767 0 0
993 1.6563 1.3575 0 0
994 1.5770 1.3712 0 0
995 1.4810 1.2904 0 0
996 1.8125 1.2439 0 0
997 1.7813 1.2980 0 0
998 1.8438 1.3468 0 0
999 1.7500 1.3521 0 0
1000 1.9375 1.3414 0 0
1001 1.9063 1.3956 0 0
1002 1.7188 1.4063 0 0
1003 1.4413 1.3422 0 0
1004 1.4833 1.3766 0 0
1005 1.3955 1.3879 0 0
1006 1.5313 1.4170 0 0
1007 1.3438 1.4277 0 0
1008 3.5625 1.0488 0 0
1009 3.5540 1.1135 0 0
1010 3.6083 1.1601 0 0
1011 3.5372 1.1760 0 0
1012 3.6875 1.1463 0 0
1013 3.6708 1.2088 0 0
1014 3.5123 1.2363 0 0
1015 3.7188 1.2492 0 0
1016 3.6395 1.2630 0 0
1017 3.6083 1.3171 0 0
1018 3.5603 1.2767 0 0
1019 3.6563 1.3575 0 0
1020 3.5770 1.3712 0 0
1021 3.4810 1.2904 0 0
1022 3.8125 1.2439 0 0
1023 3.7813 1.2980 0 0
1024 3.8438 1.3468 0 0
1025 3.7500 1.3521 0 0
1026 3.9375 1.3414 0 0
1027 3.9063 1.3956 0 0
1028 3.7188 1.4063 0 0
1029 3.4413 1.3422 0 0
1030 3.4833 1.3766 0 0
1031 3.3955 1.3879 0 0
1032 3.5313 1.4170 0 0
1033 3.3438 1.4277 0 0
1034 2.3750 0.9999 0 0
1035 2.3125 1.0486 0 0
1036 2.3125 0.9510 0 0
1037 2.2500 1.0974 0 0
1038 2.2500 0.9021 0 0
1039 2.1875 1.1462 0 0
1040 2.1875 1.0485 0 0
1041 2.1250 0.9996 0 0
1042 2.1875 0.9508 0 0
1043 2.0625 1.0484 0 0
1044 2.0625 0.9507 0 0
1045 2.1875 0.8532 0 0
1046 2.1250 1.1950 0 0
1047 2.0625 1.2438 0 0
1048 2.0625 1.1461 0 0
1049 2.0000 1.2925 0 0
1050 2.0000 1.0972 0 0
1051 2.1250 0.8042 0 0
1052 2.0625 0.8530 0 0
1053 2.0625 0.7553 0 0
1054 2.0000 0.9018 0 0
1055 2.0000 0.7064 0 0
1056 1.6250 0.9999 0 0
1057 1.6875 0.9510 0 0
1058 1.6875 1.0486 0 0
1059 1.7500 0.9021 0 0
1060 1.7500 1.0974 0 0
1061 1.8125 0.8532 0 0
1062 1.8125 0.9508 0 0
1063 1.8750 0.9996 0 0
1064 1.8125 1.0485 0 0
1065 1.9375 0.9507 0 0
1066 1.9375 1.0484 0 0
1067 1.8125 1.1462 0 0
1068 1.8750 0.8042 0 0
1069 1.9375 0.7553 0 0
1070 1.9375 0.8530 0 0
1071 1.8750 1.1950 0 0
1072 1.9375 1.1461 0 0
1073 1.9375 1.2438 0 0
1074 3.6250 0.9999 0 0
1075 3.6875 0.9510 0 0
1076 3.6875 1.0486 0 0
1077 3.7500 0.9021 0 0
1078 3.7500 1.0974 0 0
1079 3.8125 0.8532 0 0
1080 3.8125 0.9508 0 0
1081 3.8750 0.9996 0 0
1082 3.8125 1.0485 0 0
1083 3.9375 0.9507 0 0
1084 3.9375 1.0484 0 0
1085 3.8125 1.1462 0 0
1086 3.8750 0.8042 0 0
1087 3.9375 0.7553 0 0
1088 3.9375 0.8530 0 0
1089 4.0000 0.7064 0 0
1090 4.0000 0.9018 0 0
1091 3.8750 1.1950 0 0
1092 3.9375 1.1461 0 0
1093 3.9375 1.2438 0 0
1094 4.0000 1.0972 0 0
1095 4.0000 1.2925 0 0
1096 4.3750 0.9999 0 0
1097 4.3125 1.0486 0 0
1098 4.3125 0.9510 0 0
1099 4.2500 1.0974 0 0
1100 4.2500 0.9021 0 0
1101 4.1875 1.1462 0 0
1102 4.1875 1.0485 0 0
1103 4.1250 0.9996 0 0
1104 4.1875 0.9508 0 0
1105 4.0625 1.0484 0 0
1106 4.0625 0.9507 0 0
1107 4.1875 0.8532 0 0
1108 4.1250 1.1950 0 0
1109 4.0625 1.2438 0 0
1110 4.0625 1.1461 0 0
1111 4.1250 0.8042 0 0
1112 4.0625 0.8530 0 0
1113 4.0625 0.7553 0 0
1114 3.0312 0.0709 0 0
1115 3.0000 0.1417 0 0
1116 2.9687 0.0709 0 0
1117 3.0312 0.2126 0 0
1118 2.9687 0.2126 0 0
1119 3.0937 0.2126 0 0
1120 3.0625 0.2835 0 0
1121 2.9375 0.2835 0 0
1122 2.9062 0.2126 0 0
1123 3.0937 0.3376 0 0
1124 3.0312 0.3376 0 0
1125 3.0000 0.3917 0 0
1126 2.9687 0.3376 0 0
1127 3.0312 0.4459 0 0
1128 2.9687 0.4459 0 0
1129 2.9062 0.3376 0 0
1130 3.1562 0.3544 0 0
1131 3.1250 0.4085 0 0
1132 3.1585 0.4711 0 0
1133 3.0960 0.4544 0 0
1134 3.2187 0.4961 0 0
1135 2.8750 0.4085 0 0
1136 2.8437 0.3544 0 0
1137 2.9040 0.4544 0 0
1138 2.8415 0.4711 0 0
1139 2.7812 0.4961 0 0
1140 2.8415 1.5289 0 0
1141 2.7813 1.5039 0 0
1142 2.9040 1.5456 0 0
1143 2.8750 1.5915 0 0
1144 2.9688 1.5541 0 0
1145 2.9063 1.6624 0 0
1146 2.8438 1.6456 0 0
1147 3.0313 1.5541 0 0
1148 3.0000 1.6083 0 0
1149 3.0313 1.6624 0 0
1150 2.9688 1.6624 0 0
1151 3.0938 1.6624 0 0
1152 3.0625 1.7165 0 0
1153 2.9375 1.7165 0 0
1154 3.0960 1.5456 0 0
1155 3.1585 1.5289 0 0
1156 3.1250 1.5915 0 0
1157 3.2188 1.5039 0 0
1158 3.1563 1.6456 0 0
1159 2.9688 1.7874 0 0
1160 2.9063 1.7874 0 0
1161 3.0313 1.7874 0 0
1162 3.0000 1.8583 0 0
1163 3.0938 1.7874 0 0
1164 3.0313 1.9291 0 0
1165 2.9688 1.9291 0 0
1166 5.2188 1.5039 0 0
1167 5.1585 1.5289 0 0
1168 5.1250 1.5915 0 0
1169 5.0960 1.5456 0 0
1170 5.1563 1.6456 0 0
1171 5.0938 1.6624 0 0
1172 5.0313 1.5541 0 0
1173 5.0625 1.7165 0 0
1174 5.0313 1.6624 0 0
1175 4.9688 1.6624 0 0
1176 5.0000 1.6083 0 0
1177 4.9375 1.7165 0 0
1178 4.9063 1.6624 0 0
1179 4.9688 1.5541 0 0
1180 5.0938 1.7874 0 0
1181 5.0313 1.7874 0 0
1182 5.0000 1.8583 0 0
1183 4.9688 1.7874 0 0
1184 5.0313 1.9291 0 0
1185 4.9688 1.9291 0 0
1186 4.9063 1.7874 0 0
1187 4.9040 1.5456 0 0
1188 4.8750 1.5915 0 0
1189 4.8415 1.5289 0 0
1190 4.8438 1.6456 0 0
1191 4.7813 1.5039 0 0
1192 1.0312 0.0709 0 0
1193 1.0000 0.1417 0 0
1194 0.9687 0.0709 0 0
1195 1.0312 0.2126 0 0
1196 0.9687 0.2126 0 0
1197 1.0937 0.2126 0 0
1198 1.0625 0.2835 0 0
1199 0.9375 0.2835 0 0
1200 0.9062 0.2126 0 0
1201 1.0937 0.3376 0 0
1202 1.0312 0.3376 0 0
1203 1.0000 0.3917 0 0
1204 0.9687 0.3376 0 0
1205 1.0312 0.4459 0 0
1206 0.9687 0.4459 0 0
1207 0.9062 0.3376 0 0
1208 1.1562 0.3544 0 0
1209 1.1250 0.4085 0 0
1210 1.1585 0.4711 0 0
1211 1.0960 0.4544 0 0
1212 1.2187 0.4961 0 0
1213 0.8750 0.4085 0 0
1214 0.8437 0.3544 0 0
1215 0.9040 0.4544 0 0
1216 0.8415 0.4711 0 0
1217 0.7812 0.4961 0 0
1218 5.0312 0.0709 0 0
1219 5.0000 0.1417 0 0
1220 4.9687 0.0709 0 0
1221 5.0312 0.2126 0 0
1222 4.9687 0.2126 0 0
1223 5.0937 0.2126 0 0
1224 5.0625 0.2835 0 0
1225 4.9375 0.2835 0 0
1226 4.9062 0.2126 0 0
1227 5.0937 0.3376 0 0
1228 5.0312 0.3376 0 0
1229 5.0000 0.3917 0 0
1230 4.9687 0.3376 0 0
1231 5.0312 0.4459 0 0
1232 4.9687 0.4459 0 0
1233 4.9062 0.3376 0 0
1234 5.1562 0.3544 0 0
1235 5.1250 0.4085 0 0
1236 5.1585 0.4711 0 0
1237 5.0960 0.4544 0 0
1238 5.2187 0.4961 0 0
1239 4.8750 0.4085 0 0
1240 4.8437 0.3544 0 0
1241 4.9040 0.4544 0 0
1242 4.8415 0.4711 0 0
1243 4.7812 0.4961 0 0
1244 0.8415 1.5289 0 0
1245 0.7813 1.5039 0 0
1246 0.9040 1.5456 0 0
1247 0.8750 1.5915 0 0
1248 0.9688 1.5541 0 0
1249 0.9063 1.6624 0 0
1250 0.8438 1.6456 0 0
1251 1.0313 1.5541 0 0
1252 1.0000 1.6083 0 0
1253 1.0313 1.6624 0 0
1254 0.9688 1.6624 0 0
1255 1.0938 1.6624 0 0
1256 1.0625 1.7165 0 0
1257 0.9375 1.7165 0 0
1258 1.0960 1.5456 0 0
1259 1.1585 1.5289 0 0
1260 1.1250 1.5915 0 0
1261 1.2188 1.5039 0 0
1262 1.1563 1.6456 0 0
1263 0.9688 1.7874 0 0
1264 0.9063 1.7874 0 0
1265 1.0313 1.7874 0 0
1266 1.0000 1.8583 0 0
1267 1.0938 1.7874 0 0
1268 1.0313 1.9291 0 0
1269 0.9688 1.9291 0 0
1270 3.2891 0.5329 0 0
1271 3.3828 0.5381 0 0
1272 3.4219 0.5039 0 0
1273 3.4766 0.5433 0 0
1274 3.3672 0.4646 0 0
1275 3.4609 0.4698 0 0
1276 3.5703 0.5485 0 0
1277 3.5000 0.4357 0 0
1278 3.5547 0.4750 0 0
1279 3.6484 0.4803 0 0
1280 3.6094 0.5144 0 0
1281 3.6875 0.4461 0 0
1282 3.7422 0.4855 0 0
1283 3.6641 0.5537 0 0
1284 3.4453 0.3963 0 0
1285 3.5391 0.4016 0 0
1286 3.5781 0.3674 0 0
1287 3.6328 0.4068 0 0
1288 3.5234 0.3281 0 0
1289 3.6172 0.3333 0 0
1290 3.7266 0.4120 0 0
1291 3.7578 0.5590 0 0
1292 3.7969 0.5248 0 0
1293 3.8516 0.5642 0 0
1294 3.8359 0.4907 0 0
1295 3.9453 0.5694 0 0
1296 2.7109 1.4671 0 0
1297 2.6172 1.4618 0 0
1298 2.5781 1.4959 0 0
1299 2.5234 1.4564 0 0
1300 2.6328 1.5353 0 0
1301 2.5391 1.5300 0 0
1302 2.4297 1.4511 0 0
1303 2.5000 1.5641 0 0
1304 2.4453 1.5246 0 0
1305 2.3516 1.5193 0 0
1306 2.3906 1.4852 0 0
1307 2.3125 1.5534 0 0
1308 2.2578 1.5139 0 0
1309 2.3359 1.4457 0 0
1310 2.5547 1.6035 0 0
1311 2.4609 1.5982 0 0
1312 2.4219 1.6323 0 0
1313 2.3672 1.5928 0 0
1314 2.4766 1.6717 0 0
1315 2.3828 1.6664 0 0
1316 2.2734 1.5875 0 0
1317 2.2422 1.4404 0 0
1318 2.2031 1.4745 0 0
1319 2.1484 1.4350 0 0
1320 2.1641 1.5086 0 0
1321 2.0547 1.4297 0 0
1322 1.2891 0.5329 0 0
1323 1.3828 0.5381 0 0
1324 1.4219 0.5039 0 0
1325 1.4766 0.5433 0 0
1326 1.3672 0.4646 0 0
1327 1.4609 0.4698 0 0
1328 1.5703 0.5485 0 0
1329 1.5000 0.4357 0 0
1330 1.5547 0.4750 0 0
1331 1.6484 0.4803 0 0
1332 1.6094 0.5144 0 0
1333 1.6875 0.4461 0 0
1334 1.7422 0.4855 0 0
1335 1.6641 0.5537 0 0
1336 1.4453 0.3963 0 0
1337 1.5391 0.4016 0 0
1338 1.5781 0.3674 0 0
1339 1.6328 0.4068 0 0
1340 1.5234 0.3281 0 0
1341 1.6172 0.3333 0 0
1342 1.7266 0.4120 0 0
1343 1.7578 0.5590 0 0
1344 1.7969 0.5248 0 0
1345 1.8516 0.5642 0 0
1346 1.8359 0.4907 0 0
1347 1.9453 0.5694 0 0
1348 4.7109 1.4671 0 0
1349 4.6172 1.4618 0 0
1350 4.5781 1.4959 0 0
1351 4.5234 1.4564 0 0
1352 4.6328 1.5353 0 0
1353 4.5391 1.5300 0 0
1354 4.4297 1.4511 0 0
1355 4.5000 1.5641 0 0
1356 4.4453 1.5246 0 0
1357 4.3516 1.5193 0 0
1358 4.3906 1.4852 0 0
1359 4.3125 1.5534 0 0
1360 4.2578 1.5139 0 0
1361 4.3359 1.4457 0 0
1362 4.5547 1.6035 0 0
1363 4.4609 1.5982 0 0
1364 4.4219 1.6323 0 0
1365 4.3672 1.5928 0 0
1366 4.4766 1.6717 0 0
1367 4.3828 1.6664 0 0
1368 4.2734 1.5875 0 0
1369 4.2422 1.4404 0 0
1370 4.2031 1.4745 0 0
1371 4.1484 1.4350 0 0
1372 4.1641 1.5086 0 0
1373 4.0547 1.4297 0 0
1374 4.6172 0.5381 0 0
1375 4.7109 0.5329 0 0
1376 4.5234 0.5433 0 0
1377 4.5781 0.5039 0 0
1378 4.4297 0.5485 0 0
1379 4.5391 0.4698 0 0
1380 4.6328 0.4646 0 0
1381 4.3359 0.5537 0 0
1382 4.3906 0.5144 0 0
1383 4.3516 0.4803 0 0
1384 4.4453 0.4750 0 0
1385 4.2578 0.4855 0 0
1386 4.3125 0.4461 0 0
1387 4.5000 0.4357 0 0
1388 4.2422 0.5590 0 0
1389 4.1484 0.5642 0 0
1390 4.2031 0.5248 0 0
1391 4.0547 0.5694 0 0
1392 4.1641 0.4907 0 0
1393 4.4609 0.4016 0 0
1394 4.5547 0.3963 0 0
1395 4.3672 0.4068 0 0
1396 4.4219 0.3674 0 0
1397 4.2734 0.4120 0 0
1398 4.3828 0.3333 0 0
1399 4.4766 0.3281 0 0
1400 1.3828 1.4618 0 0
1401 1.2891 1.4671 0 0
1402 1.4766 1.4564 0 0
1403 1.4219 1.4959 0 0
1404 1.5703 1.4511 0 0
1405 1.4609 1.5300 0 0
1406 1.3672 1.5353 0 0
1407 1.6641 1.4457 0 0
1408 1.6094 1.4852 0 0
1409 1.6484 1.5193 0 0
1410 1.5547 1.5246 0 0
1411 1.7422 1.5139 0 0
1412 1.6875 1.5534 0 0
1413 1.5000 1.5641 0 0
1414 1.7578 1.4404 0 0
1415 1.8516 1.4350 0 0
1416 1.7969 1.4745 0 0
1417 1.9453 1.4297 0 0
1418 1.8359 1.5086 0 0
1419 1.5391 1.5982 0 0
1420 1.4453 1.6035 0 0
1421 1.6328 1.5928 0 0
1422 1.5781 1.6323 0 0
1423 1.7266 1.5875 0 0
1424 1.6172 1.6664 0 0
1425 1.5234 1.6717 0 0
1426 2.6172 0.5381 0 0
1427 2.7109 0.5329 0 0
1428 2.5234 0.5433 0 0
1429 2.5781 0.5039 0 0
1430 2.4297 0.5485 0 0
1431 2.5391 0.4698 0 0
1432 2.6328 0.4646 0 0
1433 2.3359 0.5537 0 0
1434 2.3906 0.5144 0 0
1435 2.3516 0.4803 0 0
1436 2.4453 0.4750 0 0
1437 2.2578 0.4855 0 0
1438 2.3125 0.4461 0 0
1439 2.5000 0.4357 0 0
1440 2.2422 0.5590 0 0
1441 2.1484 0.5642 0 0
1442 2.2031 0.5248 0 0
1443 2.0547 0.5694 0 0
1444 2.1641 0.4907 0 0
1445 2.4609 0.4016 0 0
1446 2.5547 0.3963 0 0
1447 2.3672 0.4068 0 0
1448 2.4219 0.3674 0 0
1449 2.2734 0.4120 0 0
1450 2.3828 0.3333 0 0
1451 2.4766 0.3281 0 0
1452 3.3828 1.4618 0 0
1453 3.2891 1.4671 0 0
1454 3.4766 1.4564 0 0
1455 3.4219 1.4959 0 0
1456 3.5703 1.4511 0 0
1457 3.4609 1.5300 0 0
1458 3.3672 1.5353 0 0
1459 3.6641 1.4457 0 0
1460 3.6094 1.4852 0 0
1461 3.6484 1.5193 0 0
1462 3.5547 1.5246 0 0
1463 3.7422 1.5139 0 0
1464 3.6875 1.5534 0 0
1465 3.5000 1.5641 0 0
1466 3.7578 1.4404 0 0
1467 3.8516 1.4350 0 0
1468 3.7969 1.4745 0 0
1469 3.9453 1.4297 0 0
1470 3.8359 1.5086 0 0
1471 3.5391 1.5982 0 0
1472 3.4453 1.6035 0 0
1473 3.6328 1.5928 0 0
1474 3.5781 1.6323 0 0
1475 3.7266 1.5875 0 0
1476 3.6172 1.6664 0 0
1477 3.5234 1.6717 0 0
1478 0.4375 1.0000 0 0
1479 0.4187 0.9421 0 0
1480 0.4812 0.9421 0 0
1481 0.3562 0.9421 0 0
1482 0.4000 0.8843 0 0
1483 0.3125 1.0000 0 0
1484 0.2937 0.9421 0 0
1485 0.3812 0.8264 0 0
1486 0.4437 0.8264 0 0
1487 0.2312 0.9421 0 0
1488 0.2750 0.8843 0 0
1489 0.2562 0.8264 0 0
1490 0.3187 0.8264 0 0
1491 0.1937 0.8264 0 0
1492 0.2375 0.7685 0 0
1493 0.3625 0.7685 0 0
1494 0.1875 1.0000 0 0
1495 0.1687 0.9421 0 0
1496 0.1062 0.9421 0 0
1497 0.1500 0.8843 0 0
1498 0.0625 1.0000 0 0
1499 0.0437 0.9421 0 0
1500 0.1312 0.8264 0 0
1501 0.3437 0.7106 0 0
1502 0.4062 0.7106 0 0
1503 0.2812 0.7106 0 0
1504 0.3250 0.6528 0 0
1505 0.2187 0.7106 0 0
1506 0.3062 0.5949 0 0
1507 0.3687 0.5949 0 0
1508 0.4898 0.8774 0 0
1509 0.4792 0.8218 0 0
1510 0.5065 0.8149 0 0
1511 0.4605 0.7639 0 0
1512 0.5315 0.7546 0 0
1513 0.4562 0.7144 0 0
1514 0.4917 0.7098 0 0
1515 0.5230 0.6556 0 0
1516 0.5272 0.7051 0 0
1517 0.5187 0.6061 0 0
1518 0.5542 0.6015 0 0
1519 0.5627 0.7005 0 0
1520 0.4375 0.6565 0 0
1521 0.4187 0.5986 0 0
1522 0.4687 0.6024 0 0
1523 0.4000 0.5408 0 0
1524 0.5000 0.5483 0 0
1525 0.6025 0.6487 0 0
1526 0.6042 0.6053 0 0
1527 0.6482 0.6030 0 0
1528 0.6000 0.5558 0 0
1529 0.7000 0.5632 0 0
1530 5.5625 1.0000 0 0
1531 5.5813 1.0579 0 0
1532 5.5188 1.0579 0 0
1533 5.6438 1.0579 0 0
1534 5.6000 1.1157 0 0
1535 5.6875 1.0000 0 0
1536 5.7063 1.0579 0 0
1537 5.6188 1.1736 0 0
1538 5.5563 1.1736 0 0
1539 5.7688 1.0579 0 0
1540 5.7250 1.1157 0 0
1541 5.7438 1.1736 0 0
1542 5.6813 1.1736 0 0
1543 5.8063 1.1736 0 0
1544 5.7625 1.2315 0 0
1545 5.6375 1.2315 0 0
1546 5.8125 1.0000 0 0
1547 5.8313 1.0579 0 0
1548 5.8938 1.0579 0 0
1549 5.8500 1.1157 0 0
1550 5.9375 1.0000 0 0
1551 5.9563 1.0579 0 0
1552 5.8688 1.1736 0 0
1553 5.6563 1.2894 0 0
1554 5.5938 1.2894 0 0
1555 5.7188 1.2894 0 0
1556 5.6750 1.3472 0 0
1557 5.7813 1.2894 0 0
1558 5.6938 1.4051 0 0
1559 5.6313 1.4051 0 0
1560 5.5102 1.1226 0 0
1561 5.5208 1.1782 0 0
1562 5.4935 1.1851 0 0
1563 5.5395 1.2361 0 0
1564 5.4685 1.2454 0 0
1565 5.5438 1.2856 0 0
1566 5.5083 1.2902 0 0
1567 5.4770 1.3444 0 0
1568 5.4728 1.2949 0 0
1569 5.4813 1.3939 0 0
1570 5.4458 1.3985 0 0
1571 5.4373 1.2995 0 0
1572 5.5625 1.3435 0 0
1573 5.5813 1.4014 0 0
1574 5.5313 1.3976 0 0
1575 5.6000 1.4592 0 0
1576 5.5000 1.4517 0 0
1577 5.3975 1.3513 0 0
1578 5.3958 1.3947 0 0
1579 5.3518 1.3970 0 0
1580 5.4000 1.4442 0 0
1581 5.3000 1.4368 0 0
1582 5.5102 0.8774 0 0
1583 5.5187 0.9421 0 0
1584 5.4935 0.8149 0 0
1585 5.5208 0.8218 0 0
1586 5.4685 0.7546 0 0
1587 5.5395 0.7639 0 0
1588 5.5562 0.8264 0 0
1589 5.4373 0.7005 0 0
1590 5.4728 0.7051 0 0
1591 5.4770 0.6556 0 0
1592 5.5083 0.7098 0 0
1593 5.4458 0.6015 0 0
1594 5.4812 0.6061 0 0
1595 5.5437 0.7144 0 0
1596 5.3975 0.6487 0 0
1597 5.3518 0.6030 0 0
1598 5.3958 0.6053 0 0
1599 5.3000 0.5632 0 0
1600 5.4000 0.5558 0 0
1601 5.5625 0.6565 0 0
1602 5.5937 0.7106 0 0
1603 5.5312 0.6024 0 0
1604 5.5812 0.5986 0 0
1605 5.5000 0.5483 0 0
1606 5.6000 0.5408 0 0
1607 5.6312 0.5949 0 0
1608 5.5812 0.9421 0 0
1609 5.6000 0.8843 0 0
1610 5.6437 0.9421 0 0
1611 5.6187 0.8264 0 0
1612 5.7062 0.9421 0 0
1613 5.6375 0.7685 0 0
1614 5.6812 0.8264 0 0
1615 5.7437 0.8264 0 0
1616 5.7250 0.8843 0 0
1617 5.7625 0.7685 0 0
1618 5.8062 0.8264 0 0
1619 5.7687 0.9421 0 0
1620 5.6562 0.7106 0 0
1621 5.6750 0.6528 0 0
1622 5.7187 0.7106 0 0
1623 5.6937 0.5949 0 0
1624 5.7812 0.7106 0 0
1625 5.8312 0.9421 0 0
1626 5.8500 0.8843 0 0
1627 5.8937 0.9421 0 0
1628 5.8687 0.8264 0 0
1629 5.9562 0.9421 0 0
1630 0.4898 1.1226 0 0
1631 0.4813 1.0579 0 0
1632 0.5065 1.1851 0 0
1633 0.4792 1.1782 0 0
1634 0.5315 1.2454 0 0
1635 0.4605 1.2361 0 0
1636 0.4438 1.1736 0 0
1637 0.5627 1.2995 0 0
1638 0.5272 1.2949 0 0
1639 0.5230 1.3444 0 0
1640 0.4917 1.2902 0 0
1641 0.5542 1.3985 0 0
1642 0.5188 1.3939 0 0
1643 0.4563 1.2856 0 0
1644 0.6025 1.3513 0 0
1645 0.6482 1.3970 0 0
1646 0.6042 1.3947 0 0
1647 0.7000 1.4368 0 0
1648 0.6000 1.4442 0 0
1649 0.4375 1.3435 0 0
1650 0.4063 1.2894 0 0
1651 0.4688 1.3976 0 0
1652 0.4188 1.4014 0 0
1653 0.5000 1.4517 0 0
1654 0.4000 1.4592 0 0
1655 0.3688 1.4051 0 0
1656 0.4188 1.0579 0 0
1657 0.4000 1.1157 0 0
1658 0.3563 1.0579 0 0
1659 0.3813 1.1736 0 0
1660 0.2938 1.0579 0 0
1661 0.3625 1.2315 0 0
1662 0.3188 1.1736 0 0
1663 0.2563 1.1736 0 0
1664 0.2750 1.1157 0 0
1665 0.2375 1.2315 0 0
1666 0.1938 1.1736 0 0
1667 0.2313 1.0579 0 0
1668 0.3438 1.2894 0 0
1669 0.3250 1.3472 0 0
1670 0.2813 1.2894 0 0
1671 0.3063 1.4051 0 0
1672 0.2188 1.2894 0 0
1673 0.1688 1.0579 0 0
1674 0.1500 1.1157 0 0
1675 0.1063 1.0579 0 0
1676 0.1313 1.1736 0 0
1677 0.0438 1.0579 0 0
1678 0.9094 0.1054 0 0
1679 0.9406 0.0345 0 0
1680 0.8781 0.1762 0 0
1681 0.8500 0.1399 0 0
1682 0.8469 0.2471 0 0
1683 0.7906 0.1744 0 0
1684 0.8219 0.1035 0 0
1685 0.8156 0.3180 0 0
1686 0.7875 0.2816 0 0
1687 0.7281 0.3161 0 0
1688 0.7594 0.2452 0 0
1689 0.6969 0.3870 0 0
1690 0.6687 0.3506 0 0
1691 0.7312 0.2089 0 0
1692 0.7844 0.3889 0 0
1693 0.7531 0.4597 0 0
1694 0.7250 0.4234 0 0
1695 0.7219 0.5306 0 0
1696 0.6656 0.4579 0 0
1697 0.6719 0.2434 0 0
1698 0.7031 0.1725 0 0
1699 0.6406 0.3142 0 0
1700 0.6125 0.2779 0 0
1701 0.6094 0.3851 0 0
1702 0.5531 0.3124 0 0
1703 0.5844 0.2415 0 0
1704 5.0906 1.8946 0 0
1705 5.0594 1.9655 0 0
1706 5.1219 1.8238 0 0
1707 5.1500 1.8601 0 0
1708 5.1531 1.7529 0 0
1709 5.2094 1.8256 0 0
1710 5.1781 1.8965 0 0
1711 5.1844 1.6820 0 0
1712 5.2125 1.7184 0 0
1713 5.2719 1.6839 0 0
1714 5.2406 1.7548 0 0
1715 5.3031 1.6130 0 0
1716 5.3313 1.6494 0 0
1717 5.2688 1.7911 0 0
1718 5.2156 1.6111 0 0
1719 5.2469 1.5403 0 0
1720 5.2750 1.5766 0 0
1721 5.2781 1.4694 0 0
1722 5.3344 1.5421 0 0
1723 5.3281 1.7566 0 0
1724 5.2969 1.8275 0 0
1725 5.3594 1.6858 0 0
1726 5.3875 1.7221 0 0
1727 5.3906 1.6149 0 0
1728 5.4469 1.6876 0 0
1729 5.4156 1.7585 0 0
1730 3.0703 0.0367 0 0
1731 3.1016 0.1076 0 0
1732 3.1719 0.1444 0 0
1733 3.1328 0.1785 0 0
1734 3.2109 0.1102 0 0
1735 3.2422 0.1811 0 0
1736 3.1641 0.2494 0 0
1737 3.3125 0.2178 0 0
1738 3.2734 0.2520 0 0
1739 3.3047 0.3228 0 0
1740 3.2344 0.2861 0 0
1741 3.3750 0.3596 0 0
1742 3.3359 0.3937 0 0
1743 3.1953 0.3202 0 0
1744 3.3516 0.1837 0 0
1745 3.3828 0.2546 0 0
1746 3.4531 0.2913 0 0
1747 3.4141 0.3255 0 0
1748 3.4922 0.2572 0 0
1749 3.2266 0.3911 0 0
1750 3.2969 0.4279 0 0
1751 3.2578 0.4620 0 0
1752 2.9297 1.9632 0 0
1753 2.8984 1.8924 0 0
1754 2.8281 1.8556 0 0
1755 2.8672 1.8215 0 0
1756 2.7891 1.8897 0 0
1757 2.7578 1.8188 0 0
1758 2.8359 1.7506 0 0
1759 2.6875 1.7820 0 0
1760 2.7266 1.7479 0 0
1761 2.6953 1.6771 0 0
1762 2.7656 1.7138 0 0
1763 2.6250 1.6403 0 0
1764 2.6641 1.6062 0 0
1765 2.8047 1.6797 0 0
1766 2.6484 1.8161 0 0
1767 2.6172 1.7453 0 0
1768 2.5469 1.7085 0 0
1769 2.5859 1.6744 0 0
1770 2.5078 1.7426 0 0
1771 2.7734 1.6089 0 0
1772 2.7031 1.5721 0 0
1773 2.7422 1.5380 0 0
1774 4.8984 0.1076 0 0
1775 4.9297 0.0367 0 0
1776 4.8672 0.1785 0 0
1777 4.8281 0.1444 0 0
1778 4.8359 0.2494 0 0
1779 4.7578 0.1811 0 0
1780 4.7891 0.1102 0 0
1781 4.8047 0.3202 0 0
1782 4.7656 0.2861 0 0
1783 4.6953 0.3228 0 0
1784 4.7266 0.2520 0 0
1785 4.6641 0.3937 0 0
1786 4.6250 0.3596 0 0
1787 4.6875 0.2178 0 0
1788 4.7734 0.3911 0 0
1789 4.7422 0.4620 0 0
1790 4.7031 0.4279 0 0
1791 4.6172 0.2546 0 0
1792 4.6484 0.1837 0 0
1793 4.5859 0.3255 0 0
1794 4.5469 0.2913 0 0
1795 4.5078 0.2572 0 0
1796 1.1016 1.8924 0 0
1797 1.0703 1.9632 0 0
1798 1.1328 1.8215 0 0
1799 1.1719 1.8556 0 0
1800 1.1641 1.7506 0 0
1801 1.2422 1.8188 0 0
1802 1.2109 1.8897 0 0
1803 1.1953 1.6797 0 0
1804 1.2344 1.7138 0 0
1805 1.3047 1.6771 0 0
1806 1.2734 1.7479 0 0
1807 1.3359 1.6062 0 0
1808 1.3750 1.6403 0 0
1809 1.3125 1.7820 0 0
1810 1.2266 1.6089 0 0
1811 1.2578 1.5380 0 0
1812 1.2969 1.5721 0 0
1813 1.3828 1.7453 0 0
1814 1.3516 1.8161 0 0
1815 1.4141 1.6744 0 0
1816 1.4531 1.7085 0 0
1817 1.4922 1.7426 0 0
1818 4.9297 1.9632 0 0
1819 4.8984 1.8924 0 0
1820 4.8281 1.8556 0 0
1821 4.8672 1.8215 0 0
1822 4.7891 1.8897 0 0
1823 4.7578 1.8188 0 0
1824 4.8359 1.7506 0 0
1825 4.6875 1.7820 0 0
1826 4.7266 1.7479 0 0
1827 4.6953 1.6771 0 0
1828 4.7656 1.7138 0 0
1829 4.6250 1.6403 0 0
1830 4.6641 1.6062 0 0
1831 4.8047 1.6797 0 0
1832 4.6484 1.8161 0 0
1833 4.6172 1.7453 0 0
1834 4.5469 1.7085 0 0
1835 4.5859 1.6744 0 0
1836 4.5078 1.7426 0 0
1837 4.7734 1.6089 0 0
1838 4.7031 1.5721 0 0
1839 4.7422 1.5380 0 0
1840 2.8984 0.1076 0 0
1841 2.9297 0.0367 0 0
1842 2.8672 0.1785 0 0
1843 2.8281 0.1444 0 0
1844 2.8359 0.2494 0 0
1845 2.7578 0.1811 0 0
1846 2.7891 0.1102 0 0
1847 2.8047 0.3202 0 0
1848 2.7656 0.2861 0 0
1849 2.6953 0.3228 0 0
1850 2.7266 0.2520 0 0
1851 2.6641 0.3937 0 0
1852 2.6250 0.3596 0 0
1853 2.6875 0.2178 0 0
1854 2.7734 0.3911 0 0
1855 2.7422 0.4620 0 0
1856 2.7031 0.4279 0 0
1857 2.6172 0.2546 0 0
1858 2.6484 0.1837 0 0
1859 2.5859 0.3255 0 0
1860 2.5469 0.2913 0 0
1861 2.5078 0.2572 0 0
1862 5.0594 0.0345 0 0
1863 5.0906 0.1054 0 0
1864 5.1500 0.1399 0 0
1865 5.1219 0.1762 0 0
1866 5.1781 0.1035 0 0
1867 5.2094 0.1744 0 0
1868 5.1531 0.2471 0 0
1869 5.2687 0.2089 0 0
1870 5.2406 0.2452 0 0
1871 5.2719 0.3161 0 0
1872 5.2125 0.2816 0 0
1873 5.3312 0.3506 0 0
1874 5.3031 0.3870 0 0
1875 5.1844 0.3180 0 0
1876 5.2969 0.1725 0 0
1877 5.3281 0.2434 0 0
1878 5.3875 0.2779 0 0
1879 5.3594 0.3142 0 0
1880 5.4156 0.2415 0 0
1881 5.4469 0.3124 0 0
1882 5.3906 0.3851 0 0
1883 5.2156 0.3889 0 0
1884 5.2750 0.4234 0 0
1885 5.2469 0.4597 0 0
1886 5.3344 0.4579 0 0
1887 5.2781 0.5306 0 0
1888 3.1016 1.8924 0 0
1889 3.0703 1.9632 0 0
1890 3.1328 1.8215 0 0
1891 3.1719 1.8556 0 0
1892 3.1641 1.7506 0 0
1893 3.2422 1.8188 0 0
1894 3.2109 1.8897 0 0
1895 3.1953 1.6797 0 0
1896 3.2344 1.7138 0 0
1897 3.3047 1.6771 0 0
1898 3.2734 1.7479 0 0
1899 3.3359 1.6062 0 0
1900 3.3750 1.6403 0 0
1901 3.3125 1.7820 0 0
1902 3.2266 1.6089 0 0
1903 3.2578 1.5380 0 0
1904 3.2969 1.5721 0 0
1905 3.3828 1.7453 0 0
1906 3.3516 1.8161 0 0
1907 3.4141 1.6744 0 0
1908 3.4531 1.7085 0 0
1909 3.4922 1.7426 0 0
1910 1.0703 0.0367 0 0
1911 1.1016 0.1076 0 0
1912 1.1719 0.1444 0 0
1913 1.1328 0.1785 0 0
1914 1.2109 0.1102 0 0
1915 1.2422 0.1811 0 0
1916 1.1641 0.2494 0 0
1917 1.3125 0.2178 0 0
1918 1.2734 0.2520 0 0
1919 1.3047 0.3228 0 0
1920 1.2344 0.2861 0 0
1921 1.3750 0.3596 0 0
1922 1.3359 0.3937 0 0
1923 1.1953 0.3202 0 0
1924 1.3516 0.1837 0 0
1925 1.3828 0.2546 0 0
1926 1.4531 0.2913 0 0
1927 1.4141 0.3255 0 0
1928 1.4922 0.2572 0 0
1929 1.2266 0.3911 0 0
1930 1.2969 0.4279 0 0
1931 1.2578 0.4620 0 0
1932 0.9406 1.9655 0 0
1933 0.9094 1.8946 0 0
1934 0.8500 1.8601 0 0
1935 0.8781 1.8238 0 0
1936 0.8219 1.8965 0 0
1937 0.7906 1.8256 0 0
1938 0.8469 1.7529 0 0
1939 0.7313 1.7911 0 0
1940 0.7594 1.7548 0 0
1941 0.7281 1.6839 0 0
1942 0.7875 1.7184 0 0
1943 0.6688 1.6494 0 0
1944 0.6969 1.6130 0 0
1945 0.8156 1.6820 0 0
1946 0.7031 1.8275 0 0
1947 0.6719 1.7566 0 0
1948 0.6125 1.7221 0 0
1949 0.6406 1.6858 0 0
1950 0.5844 1.7585 0 0
1951 0.5531 1.6876 0 0
1952 0.6094 1.6149 0 0
1953 0.7844 1.6111 0 0
1954 0.7250 1.5766 0 0
1955 0.7531 1.5403 0 0
1956 0.6656 1.5421 0 0
1957 0.7219 1.4694 0 0
1958 0.6719 0.5269 0 0
1959 0.6219 0.5231 0 0
1960 0.6437 0.4905 0 0
1961 0.5719 0.5194 0 0
1962 0.6156 0.4541 0 0
1963 0.5219 0.5156 0 0
1964 0.5437 0.4830 0 0
1965 0.5156 0.4466 0 0
1966 0.5656 0.4504 0 0
1967 0.4656 0.4429 0 0
1968 0.4875 0.4103 0 0
1969 0.5875 0.4178 0 0
1970 0.4719 0.5119 0 0
1971 0.4219 0.5081 0 0
1972 0.4437 0.4755 0 0
1973 0.3719 0.5044 0 0
1974 0.4156 0.4391 0 0
1975 0.5594 0.3814 0 0
1976 0.5094 0.3776 0 0
1977 0.5312 0.3450 0 0
1978 0.4594 0.3739 0 0
1979 0.5031 0.3086 0 0
1980 5.3281 1.4731 0 0
1981 5.3781 1.4769 0 0
1982 5.3563 1.5095 0 0
1983 5.4281 1.4806 0 0
1984 5.3844 1.5459 0 0
1985 5.4781 1.4844 0 0
1986 5.4563 1.5170 0 0
1987 5.4844 1.5534 0 0
1988 5.4344 1.5496 0 0
1989 5.5344 1.5571 0 0
1990 5.5125 1.5897 0 0
1991 5.4125 1.5822 0 0
1992 5.5281 1.4881 0 0
1993 5.5781 1.4919 0 0
1994 5.5563 1.5245 0 0
1995 5.6281 1.4956 0 0
1996 5.5844 1.5609 0 0
1997 5.4406 1.6186 0 0
1998 5.4906 1.6224 0 0
1999 5.4688 1.6550 0 0
2000 5.5406 1.6261 0 0
2001 5.4969 1.6914 0 0
2002 5.3281 0.5269 0 0
2003 5.3562 0.4905 0 0
2004 5.3781 0.5231 0 0
2005 5.3844 0.4541 0 0
2006 5.4281 0.5194 0 0
2007 5.4125 0.4178 0 0
2008 5.4344 0.4504 0 0
2009 5.4844 0.4466 0 0
2010 5.4562 0.4830 0 0
2011 5.5125 0.4103 0 0
2012 5.5344 0.4429 0 0
2013 5.4781 0.5156 0 0
2014 5.4406 0.3814 0 0
2015 5.4687 0.3450 0 0
2016 5.4906 0.3776 0 0
2017 5.4969 0.3086 0 0
2018 5.5406 0.3739 0 0
2019 5.5281 0.5119 0 0
2020 5.5562 0.4755 0 0
2021 5.5781 0.5081 0 0
2022 5.5844 0.4391 0 0
2023 5.6281 0.5044 0 0
2024 0.6719 1.4731 0 0
2025 0.6438 1.5095 0 0
2026 0.6219 1.4769 0 0
2027 0.6156 1.5459 0 0
2028 0.5719 1.4806 0 0
2029 0.5875 1.5822 0 0
2030 0.5656 1.5496 0 0
2031 0.5156 1.5534 0 0
2032 0.5438 1.5170 0 0
2033 0.4875 1.5897 0 0
2034 0.4656 1.5571 0 0
2035 0.5219 1.4844 0 0
2036 0.5594 1.6186 0 0
2037 0.5313 1.6550 0 0
2038 0.5094 1.6224 0 0
2039 0.5031 1.6914 0 0
2040 0.4594 1.6261 0 0
2041 0.4719 1.4881 0 0
2042 0.4438 1.5245 0 0
2043 0.4219 1.4919 0 0
2044 0.4156 1.5609 0 0
2045 0.3719 1.4956 0 0
2046 4.0000 0.0761 0 0
2047 3.9453 0.1128 0 0
2048 3.9453 0.0367 0 0
2049 3.9453 0.1889 0 0
2050 3.8906 0.1496 0 0
2051 4.0000 0.2283 0 0
2052 3.9453 0.2650 0 0
2053 3.8359 0.1863 0 0
2054 3.8359 0.1102 0 0
2055 3.9453 0.3411 0 0
2056 3.8906 0.3018 0 0
2057 3.8359 0.3385 0 0
2058 3.8359 0.2624 0 0
2059 3.8359 0.4146 0 0
2060 3.7812 0.3753 0 0
2061 3.7812 0.2231 0 0
2062 4.0000 0.3805 0 0
2063 3.9453 0.4172 0 0
2064 3.9453 0.4933 0 0
2065 3.8906 0.4540 0 0
2066 4.0000 0.5327 0 0
2067 3.7266 0.2598 0 0
2068 3.7266 0.1837 0 0
2069 3.7266 0.3359 0 0
2070 3.6719 0.2965 0 0
2071 3.6172 0.2572 0 0
2072 2.0000 1.9238 0 0
2073 2.0547 1.8870 0 0
2074 2.0547 1.9632 0 0
2075 2.0547 1.8108 0 0
2076 2.1094 1.8502 0 0
2077 2.0000 1.7713 0 0
2078 2.0547 1.7346 0 0
2079 2.1641 1.8135 0 0
2080 2.1641 1.8897 0 0
2081 2.0547 1.6583 0 0
2082 2.1094 1.6978 0 0
2083 2.1641 1.6610 0 0
2084 2.1641 1.7372 0 0
2085 2.1641 1.5848 0 0
2086 2.2188 1.6242 0 0
2087 2.2188 1.7767 0 0
2088 2.0000 1.6189 0 0
2089 2.0547 1.5821 0 0
2090 2.0547 1.5059 0 0
2091 2.1094 1.5453 0 0
2092 2.0000 1.4664 0 0
2093 2.2734 1.7399 0 0
2094 2.2734 1.8161 0 0
2095 2.2734 1.6637 0 0
2096 2.3281 1.7031 0 0
2097 2.3828 1.7426 0 0
2098 2.0000 0.0761 0 0
2099 1.9453 0.1128 0 0
2100 1.9453 0.0367 0 0
2101 1.9453 0.1889 0 0
2102 1.8906 0.1496 0 0
2103 2.0000 0.2283 0 0
2104 1.9453 0.2650 0 0
2105 1.8359 0.1863 0 0
2106 1.8359 0.1102 0 0
2107 1.9453 0.3411 0 0
2108 1.8906 0.3018 0 0
2109 1.8359 0.3385 0 0
2110 1.8359 0.2624 0 0
2111 1.8359 0.4146 0 0
2112 1.7812 0.3753 0 0
2113 1.7812 0.2231 0 0
2114 2.0000 0.3805 0 0
2115 1.9453 0.4172 0 0
2116 1.9453 0.4933 0 0
2117 1.8906 0.4540 0 0
2118 2.0000 0.5327 0 0
2119 1.7266 0.2598 0 0
2120 1.7266 0.1837 0 0
2121 1.7266 0.3359 0 0
2122 1.6719 0.2965 0 0
2123 1.6172 0.2572 0 0
2124 4.0000 1.9238 0 0
2125 4.0547 1.8870 0 0
2126 4.0547 1.9632 0 0
2127 4.0547 1.8108 0 0
2128 4.1094 1.8502 0 0
2129 4.0000 1.7713 0 0
2130 4.0547 1.7346 0 0
2131 4.1641 1.8135 0 0
2132 4.1641 1.8897 0 0
2133 4.0547 1.6583 0 0
2134 4.1094 1.6978 0 0
2135 4.1641 1.6610 0 0
2136 4.1641 1.7372 0 0
2137 4.1641 1.5848 0 0
2138 4.2188 1.6242 0 0
2139 4.2188 1.7767 0 0
2140 4.0000 1.6189 0 0
2141 4.0547 1.5821 0 0
2142 4.0547 1.5059 0 0
2143 4.1094 1.5453 0 0
2144 4.0000 1.4664 0 0
2145 4.2734 1.7399 0 0
2146 4.2734 1.8161 0 0
2147 4.2734 1.6637 0 0
2148 4.3281 1.7031 0 0
2149 4.3828 1.7426 0 0
2150 4.0547 0.0367 0 0
2151 4.0547 0.1128 0 0
2152 4.1094 0.1496 0 0
2153 4.0547 0.1889 0 0
2154 4.1641 0.1102 0 0
2155 4.1641 0.1863 0 0
2156 4.0547 0.2650 0 0
2157 4.2187 0.2231 0 0
2158 4.1641 0.2624 0 0
2159 4.1641 0.3385 0 0
2160 4.1094 0.3018 0 0
2161 4.2187 0.3753 0 0
2162 4.1641 0.4146 0 0
2163 4.0547 0.3411 0 0
2164 4.2734 0.1837 0 0
2165 4.2734 0.2598 0 0
2166 4.3281 0.2965 0 0
2167 4.2734 0.3359 0 0
2168 4.3828 0.2572 0 0
2169 4.0547 0.4172 0 0
2170 4.1094 0.4540 0 0
2171 4.0547 0.4933 0 0
2172 1.9453 1.9632 0 0
2173 1.9453 1.8870 0 0
2174 1.8906 1.8502 0 0
2175 1.9453 1.8108 0 0
2176 1.8359 1.8897 0 0
2177 1.8359 1.8135 0 0
2178 1.9453 1.7346 0 0
2179 1.7813 1.7767 0 0
2180 1.8359 1.7372 0 0
2181 1.8359 1.6610 0 0
2182 1.8906 1.6978 0 0
2183 1.7813 1.6242 0 0
2184 1.8359 1.5848 0 0
2185 1.9453 1.6583 0 0
2186 1.7266 1.8161 0 0
2187 1.7266 1.7399 0 0
2188 1.6719 1.7031 0 0
2189 1.7266 1.6637 0 0
2190 1.6172 1.7426 0 0
2191 1.9453 1.5821 0 0
2192 1.8906 1.5453 0 0
2193 1.9453 1.5059 0 0
2194 2.0547 0.0367 0 0
2195 2.0547 0.1128 0 0
2196 2.1094 0.1496 0 0
2197 2.0547 0.1889 0 0
2198 2.1641 0.1102 0 0
2199 2.1641 0.1863 0 0
2200 2.0547 0.2650 0 0
2201 2.2187 0.2231 0 0
2202 2.1641 0.2624 0 0
2203 2.1641 0.3385 0 0
2204 2.1094 0.3018 0 0
2205 2.2187 0.3753 0 0
2206 2.1641 0.4146 0 0
2207 2.0547 0.3411 0 0
2208 2.2734 0.1837 0 0
2209 2.2734 0.2598 0 0
2210 2.3281 0.2965 0 0
2211 2.2734 0.3359 0 0
2212 2.3828 0.2572 0 0
2213 2.0547 0.4172 0 0
2214 2.1094 0.4540 0 0
2215 2.0547 0.4933 0 0
2216 3.9453 1.9632 0 0
2217 3.9453 1.8870 0 0
2218 3.8906 1.8502 0 0
2219 3.9453 1.8108 0 0
2220 3.8359 1.8897 0 0
2221 3.8359 1.8135 0 0
2222 3.9453 1.7346 0 0
2223 3.7813 1.7767 0 0
2224 3.8359 1.7372 0 0
2225 3.8359 1.6610 0 0
2226 3.8906 1.6978 0 0
2227 3.7813 1.6242 0 0
2228 3.8359 1.5848 0 0
2229 3.9453 1.6583 0 0
2230 3.7266 1.8161 0 0
2231 3.7266 1.7399 0 0
2232 3.6719 1.7031 0 0
2233 3.7266 1.6637 0 0
2234 3.6172 1.7426 0 0
2235 3.9453 1.5821 0 0
2236 3.8906 1.5453 0 0
2237 3.9453 1.5059 0 0
2238 5.9344 1.9655 0 0
2239 5.8906 1.8984 0 0
2240 5.9563 1.9329 0 0
2241 5.8250 1.8639 0 0
2242 5.8469 1.8312 0 0
2243 5.8031 1.8965 0 0
2244 5.7594 1.8294 0 0
2245 5.8031 1.7641 0 0
2246 5.8688 1.7986 0 0
2247 5.6938 1.7949 0 0
2248 5.7156 1.7622 0 0
2249 5.6719 1.6951 0 0
2250 5.7375 1.7296 0 0
2251 5.6063 1.6606 0 0
2252 5.6281 1.6280 0 0
2253 5.7594 1.6970 0 0
2254 5.6719 1.8275 0 0
2255 5.6281 1.7604 0 0
2256 5.5625 1.7259 0 0
2257 5.5844 1.6932 0 0
2258 5.5406 1.7585 0 0
2259 5.7156 1.6299 0 0
2260 5.7813 1.6644 0 0
2261 5.6500 1.5954 0 0
2262 5.6719 1.5627 0 0
2263 5.6938 1.5301 0 0
2264 0.0656 0.0345 0 0
2265 0.1094 0.1016 0 0
2266 0.0437 0.0671 0 0
2267 0.1750 0.1361 0 0
2268 0.1531 0.1688 0 0
2269 0.1969 0.1035 0 0
2270 0.2406 0.1706 0 0
2271 0.1969 0.2359 0 0
2272 0.1312 0.2014 0 0
2273 0.3062 0.2051 0 0
2274 0.2844 0.2378 0 0
2275 0.3281 0.3049 0 0
2276 0.2625 0.2704 0 0
2277 0.3937 0.3394 0 0
2278 0.3719 0.3720 0 0
2279 0.2406 0.3030 0 0
2280 0.3281 0.1725 0 0
2281 0.3719 0.2396 0 0
2282 0.4375 0.2741 0 0
2283 0.4156 0.3068 0 0
2284 0.4594 0.2415 0 0
2285 0.2844 0.3701 0 0
2286 0.2187 0.3356 0 0
2287 0.3500 0.4046 0 0
2288 0.3281 0.4373 0 0
2289 0.3062 0.4699 0 0
2290 0.0438 1.9329 0 0
2291 0.1094 1.8984 0 0
2292 0.0656 1.9655 0 0
2293 0.1531 1.8312 0 0
2294 0.1750 1.8639 0 0
2295 0.1313 1.7986 0 0
2296 0.1969 1.7641 0 0
2297 0.2406 1.8294 0 0
2298 0.1969 1.8965 0 0
2299 0.2406 1.6970 0 0
2300 0.2625 1.7296 0 0
2301 0.3281 1.6951 0 0
2302 0.2844 1.7622 0 0
2303 0.3719 1.6280 0 0
2304 0.3938 1.6606 0 0
2305 0.3063 1.7949 0 0
2306 0.2188 1.6644 0 0
2307 0.2844 1.6299 0 0
2308 0.3281 1.5627 0 0
2309 0.3500 1.5954 0 0
2310 0.3063 1.5301 0 0
2311 0.3719 1.7604 0 0
2312 0.3281 1.8275 0 0
2313 0.4156 1.6932 0 0
2314 0.4375 1.7259 0 0
2315 0.4594 1.7585 0 0
2316 5.9562 0.0671 0 0
2317 5.8906 0.1016 0 0
2318 5.9344 0.0345 0 0
2319 5.8469 0.1688 0 0
2320 5.8250 0.1361 0 0
2321 5.8687 0.2014 0 0
2322 5.8031 0.2359 0 0
2323 5.7594 0.1706 0 0
2324 5.8031 0.1035 0 0
2325 5.7594 0.3030 0 0
2326 5.7375 0.2704 0 0
2327 5.6719 0.3049 0 0
2328 5.7156 0.2378 0 0
2329 5.6281 0.3720 0 0
2330 5.6062 0.3394 0 0
2331 5.6937 0.2051 0 0
2332 5.7812 0.3356 0 0
2333 5.7156 0.3701 0 0
2334 5.6719 0.4373 0 0
2335 5.6500 0.4046 0 0
2336 5.6937 0.4699 0 0
2337 5.6281 0.2396 0 0
2338 5.6719 0.1725 0 0
2339 5.5844 0.3068 0 0
2340 5.5625 0.2741 0 0
2341 5.5406 0.2415 0 0
2342 0.1906 0.0345 0 0
2343 0.3156 0.0345 0 0
2344 0.2562 0.0690 0 0
2345 0.4406 0.0345 0 0
2346 0.3219 0.1035 0 0
2347 0.5656 0.0345 0 0
2348 0.5062 0.0690 0 0
2349 0.5719 0.1035 0 0
2350 0.4469 0.1035 0 0
2351 0.6969 0.1035 0 0
2352 0.6375 0.1380 0 0
2353 0.3875 0.1380 0 0
2354 0.6906 0.0345 0 0
2355 0.8156 0.0345 0 0
2356 0.7562 0.0690 0 0
2357 0.4531 0.1725 0 0
2358 0.5781 0.1725 0 0
2359 0.5187 0.2070 0 0
2360 0.0437 0.1921 0 0
2361 0.0875 0.2593 0 0
2362 0.0437 0.3171 0 0
2363 0.1312 0.3264 0 0
2364 0.0437 0.4421 0 0
2365 0.1750 0.3935 0 0
2366 0.1312 0.4514 0 0
2367 0.1312 0.5764 0 0
2368 0.0875 0.5093 0 0
2369 0.1750 0.6435 0 0
2370 0.1312 0.7014 0 0
2371 0.0437 0.5671 0 0
2372 0.2187 0.4606 0 0
2373 0.2625 0.5278 0 0
2374 0.2187 0.5856 0 0
2375 0.0437 0.6921 0 0
2376 0.0875 0.7593 0 0
2377 0.0437 0.8171 0 0
2378 5.8094 0.0345 0 0
2379 5.7437 0.0690 0 0
2380 5.6844 0.0345 0 0
2381 5.6781 0.1035 0 0
2382 5.5594 0.0345 0 0
2383 5.6125 0.1380 0 0
2384 5.5531 0.1035 0 0
2385 5.4281 0.1035 0 0
2386 5.4937 0.0690 0 0
2387 5.3625 0.1380 0 0
2388 5.3031 0.1035 0 0
2389 5.4344 0.0345 0 0
2390 5.5469 0.1725 0 0
2391 5.4812 0.2070 0 0
2392 5.4219 0.1725 0 0
2393 5.3094 0.0345 0 0
2394 5.2437 0.0690 0 0
2395 5.1844 0.0345 0 0
2396 5.9562 0.1921 0 0
2397 5.9562 0.3171 0 0
2398 5.9125 0.2593 0 0
2399 5.9562 0.4421 0 0
2400 5.8687 0.3264 0 0
2401 5.9562 0.5671 0 0
2402 5.9125 0.5093 0 0
2403 5.8687 0.5764 0 0
2404 5.8687 0.4514 0 0
2405 5.8687 0.7014 0 0
2406 5.8250 0.6435 0 0
2407 5.8250 0.3935 0 0
2408 5.9562 0.6921 0 0
2409 5.9562 0.8171 0 0
2410 5.9125 0.7593 0 0
2411 5.7812 0.4606 0 0
2412 5.7812 0.5856 0 0
2413 5.7375 0.5278 0 0
2414 5.9563 1.8079 0 0
2415 5.9125 1.7407 0 0
2416 5.9563 1.6829 0 0
2417 5.8688 1.6736 0 0
2418 5.9563 1.5579 0 0
2419 5.8250 1.6065 0 0
2420 5.8688 1.5486 0 0
2421 5.8688 1.4236 0 0
2422 5.9125 1.4907 0 0
2423 5.8250 1.3565 0 0
2424 5.8688 1.2986 0 0
2425 5.9563 1.4329 0 0
2426 5.7813 1.5394 0 0
2427 5.7375 1.4722 0 0
2428 5.7813 1.4144 0 0
2429 5.9563 1.3079 0 0
2430 5.9125 1.2407 0 0
2431 5.9563 1.1829 0 0
2432 5.8094 1.9655 0 0
2433 5.6844 1.9655 0 0
2434 5.7438 1.9310 0 0
2435 5.5594 1.9655 0 0
2436 5.6781 1.8965 0 0
2437 5.4344 1.9655 0 0
2438 5.4938 1.9310 0 0
2439 5.4281 1.8965 0 0
2440 5.5531 1.8965 0 0
2441 5.3031 1.8965 0 0
2442 5.3625 1.8620 0 0
2443 5.6125 1.8620 0 0
2444 5.3094 1.9655 0 0
2445 5.1844 1.9655 0 0
2446 5.2438 1.9310 0 0
2447 5.5469 1.8275 0 0
2448 5.4219 1.8275 0 0
2449 5.4813 1.7930 0 0
2450 0.1906 1.9655 0 0
2451 0.2563 1.9310 0 0
2452 0.3156 1.9655 0 0
2453 0.3219 1.8965 0 0
2454 0.4406 1.9655 0 0
2455 0.3875 1.8620 0 0
2456 0.4469 1.8965 0 0
2457 0.5719 1.8965 0 0
2458 0.5063 1.9310 0 0
2459 0.6375 1.8620 0 0
2460 0.6969 1.8965 0 0
2461 0.5656 1.9655 0 0
2462 0.4531 1.8275 0 0
2463 0.5188 1.7930 0 0
2464 0.5781 1.8275 0 0
2465 0.6906 1.9655 0 0
2466 0.7563 1.9310 0 0
2467 0.8156 1.9655 0 0
2468 0.0438 1.8079 0 0
2469 0.0438 1.6829 0 0
2470 0.0875 1.7407 0 0
2471 0.0438 1.5579 0 0
2472 0.1313 1.6736 0 0
2473 0.0438 1.4329 0 0
2474 0.0875 1.4907 0 0
2475 0.1313 1.4236 0 0
2476 0.1313 1.5486 0 0
2477 0.1313 1.2986 0 0
2478 0.1750 1.3565 0 0
2479 0.1750 1.6065 0 0
2480 0.0438 1.3079 0 0
2481 0.0438 1.1829 0 0
2482 0.0875 1.2407 0 0
2483 0.2188 1.5394 0 0
2484 0.2188 1.4144 0 0
2485 0.2625 1.4722 0 0
2486 1.1953 0.0367 0 0
2487 1.3203 0.0367 0 0
2488 1.2656 0.0735 0 0
2489 1.4453 0.0367 0 0
2490 1.3359 0.1102 0 0
2491 1.5703 0.0367 0 0
2492 1.5156 0.0735 0 0
2493 1.5859 0.1102 0 0
2494 1.4609 0.1102 0 0
2495 1.7109 0.1102 0 0
2496 1.6562 0.1470 0 0
2497 1.4062 0.1470 0 0
2498 1.6953 0.0367 0 0
2499 1.8203 0.0367 0 0
2500 1.7656 0.0735 0 0
2501 1.4766 0.1837 0 0
2502 1.6016 0.1837 0 0
2503 1.5469 0.2205 0 0
2504 2.1797 0.0367 0 0
2505 2.3047 0.0367 0 0
2506 2.2344 0.0735 0 0
2507 2.4297 0.0367 0 0
2508 2.2891 0.1102 0 0
2509 2.5547 0.0367 0 0
2510 2.4844 0.0735 0 0
2511 2.5391 0.1102 0 0
2512 2.4141 0.1102 0 0
2513 2.6641 0.1102 0 0
2514 2.5937 0.1470 0 0
2515 2.3437 0.1470 0 0
2516 2.6797 0.0367 0 0
2517 2.8047 0.0367 0 0
2518 2.7344 0.0735 0 0
2519 2.3984 0.1837 0 0
2520 2.5234 0.1837 0 0
2521 2.4531 0.2205 0 0
2522 3.1953 0.0367 0 0
2523 3.3203 0.0367 0 0
2524 3.2656 0.0735 0 0
2525 3.4453 0.0367 0 0
2526 3.3359 0.1102 0 0
2527 3.5703 0.0367 0 0
2528 3.5156 0.0735 0 0
2529 3.5859 0.1102 0 0
2530 3.4609 0.1102 0 0
2531 3.7109 0.1102 0 0
2532 3.6562 0.1470 0 0
2533 3.4062 0.1470 0 0
2534 3.6953 0.0367 0 0
2535 3.8203 0.0367 0 0
2536 3.7656 0.0735 0 0
2537 3.4766 0.1837 0 0
2538 3.6016 0.1837 0 0
2539 3.5469 0.2205 0 0
2540 4.1797 0.0367 0 0
2541 4.3047 0.0367 0 0
2542 4.2344 0.0735 0 0
2543 4.4297 0.0367 0 0
2544 4.2891 0.1102 0 0
2545 4.5547 0.0367 0 0
2546 4.4844 0.0735 0 0
2547 4.5391 0.1102 0 0
2548 4.4141 0.1102 0 0
2549 4.6641 0.1102 0 0
2550 4.5937 0.1470 0 0
2551 4.3437 0.1470 0 0
2552 4.6797 0.0367 0 0
2553 4.8047 0.0367 0 0
2554 4.7344 0.0735 0 0
2555 4.3984 0.1837 0 0
2556 4.5234 0.1837 0 0
2557 4.4531 0.2205 0 0
2558 4.8047 1.9632 0 0
2559 4.6797 1.9632 0 0
2560 4.7344 1.9265 0 0
2561 4.5547 1.9632 0 0
2562 4.6641 1.8897 0 0
2563 4.4297 1.9632 0 0
2564 4.4844 1.9265 0 0
2565 4.4141 1.8897 0 0
2566 4.5391 1.8897 0 0
2567 4.2891 1.8897 0 0
2568 4.3438 1.8529 0 0
2569 4.5938 1.8529 0 0
2570 4.3047 1.9632 0 0
2571 4.1797 1.9632 0 0
2572 4.2344 1.9265 0 0
2573 4.5234 1.8161 0 0
2574 4.3984 1.8161 0 0
2575 4.4531 1.7794 0 0
2576 3.8203 1.9632 0 0
2577 3.6953 1.9632 0 0
2578 3.7656 1.9265 0 0
2579 3.5703 1.9632 0 0
2580 3.7109 1.8897 0 0
2581 3.4453 1.9632 0 0
2582 3.5156 1.9265 0 0
2583 3.4609 1.8897 0 0
2584 3.5859 1.8897 0 0
2585 3.3359 1.8897 0 0
2586 3.4063 1.8529 0 0
2587 3.6563 1.8529 0 0
2588 3.3203 1.9632 0 0
2589 3.1953 1.9632 0 0
2590 3.2656 1.9265 0 0
2591 3.6016 1.8161 0 0
2592 3.4766 1.8161 0 0
2593 3.5469 1.7794 0 0
2594 2.8047 1.9632 0 0
2595 2.6797 1.9632 0 0
2596 2.7344 1.9265 0 0
2597 2.5547 1.9632 0 0
2598 2.6641 1.8897 0 0
2599 2.4297 1.9632 0 0
2600 2.4844 1.9265 0 0
2601 2.4141 1.8897 0 0
2602 2.5391 1.8897 0 0
2603 2.2891 1.8897 0 0
2604 2.3438 1.8529 0 0
2605 2.5938 1.8529 0 0
2606 2.3047 1.9632 0 0
2607 2.1797 1.9632 0 0
2608 2.2344 1.9265 0 0
2609 2.5234 1.8161 0 0
2610 2.3984 1.8161 0 0
2611 2.4531 1.7794 0 0
2612 1.8203 1.9632 0 0
2613 1.6953 1.9632 0 0
2614 1.7656 1.9265 0 0
2615 1.5703 1.9632 0 0
2616 1.7109 1.8897 0 0
2617 1.4453 1.9632 0 0
2618 1.5156 1.9265 0 0
2619 1.4609 1.8897 0 0
2620 1.5859 1.8897 0 0
2621 1.3359 1.8897 0 0
2622 1.4063 1.8529 0 0
2623 1.6563 1.8529 0 0
2624 1.3203 1.9632 0 0
2625 1.1953 1.9632 0 0
2626 1.2656 1.9265 0 0
2627 1.6016 1.8161 0 0
2628 1.4766 1.8161 0 0
2629 1.5469 1.7794 0 0
