0 3 0 3 29 30
1 3 0 29 82 30
2 3 0 29 28 82
3 3 0 28 83 82
4 3 0 28 27 83
5 3 0 27 84 83
6 3 0 27 26 84
7 3 0 26 85 84
8 3 0 26 25 85
9 3 0 25 86 85
10 3 0 25 24 86
11 3 0 24 87 86
12 3 0 24 23 87
13 3 0 23 88 87
14 3 0 23 22 88
15 3 0 22 89 88
16 3 0 22 2 89
17 3 0 2 21 89
18 3 0 30 82 31
19 3 0 82 90 31
20 3 0 82 83 90
21 3 0 83 91 90
22 3 0 83 84 91
23 3 0 84 92 91
24 3 0 84 85 92
25 3 0 85 93 92
26 3 0 85 86 93
27 3 0 86 94 93
28 3 0 86 87 94
29 3 0 87 95 94
30 3 0 87 88 95
31 3 0 88 96 95
32 3 0 88 89 96
33 3 0 89 97 96
34 3 0 89 21 97
35 3 0 21 20 97
36 3 0 31 90 32
37 3 0 90 98 32
38 3 0 90 91 98
39 3 0 91 99 98
40 3 0 91 92 99
41 3 0 92 100 99
42 3 0 92 93 100
43 3 0 93 101 100
44 3 0 93 94 101
45 3 0 94 102 101
46 3 0 94 95 102
47 3 0 95 103 102
48 3 0 95 96 103
49 3 0 96 104 103
50 3 0 96 97 104
51 3 0 97 105 104
52 3 0 97 20 105
53 3 0 20 19 105
54 3 0 32 98 33
55 3 0 98 106 33
56 3 0 98 99 106
57 3 0 99 107 106
58 3 0 99 100 107
59 3 0 100 108 107
60 3 0 100 101 108
61 3 0 101 109 108
62 3 0 101 102 109
63 3 0 102 110 109
64 3 0 102 103 110
65 3 0 103 111 110
66 3 0 103 104 111
67 3 0 104 112 111
68 3 0 104 105 112
69 3 0 105 113 112
70 3 0 105 19 113
71 3 0 19 18 113
72 3 0 33 106 34
73 3 0 106 114 34
74 3 0 106 107 114
75 3 0 107 115 114
76 3 0 107 108 115
77 3 0 108 116 115
78 3 0 108 109 116
79 3 0 109 117 116
80 3 0 109 110 117
81 3 0 110 118 117
82 3 0 110 111 118
83 3 0 111 119 118
84 3 0 111 112 119
85 3 0 112 120 119
86 3 0 112 113 120
87 3 0 113 121 120
88 3 0 113 18 121
89 3 0 18 17 121
90 3 0 34 114 35
91 3 0 114 122 35
92 3 0 114 115 122
93 3 0 115 123 122
94 3 0 115 116 123
95 3 0 116 124 123
96 3 0 116 117 124
97 3 0 117 125 124
98 3 0 117 118 125
99 3 0 118 126 125
100 3 0 118 119 126
101 3 0 119 127 126
102 3 0 119 120 127
103 3 0 120 128 127
104 3 0 120 121 128
105 3 0 121 129 128
106 3 0 121 17 129
107 3 0 17 16 129
108 3 0 35 122 36
109 3 0 122 130 36
110 3 0 122 123 130
111 3 0 123 131 130
112 3 0 123 124 131
113 3 0 124 132 131
114 3 0 124 125 132
115 3 0 125 133 132
116 3 0 125 126 133
117 3 0 126 134 133
118 3 0 126 127 134
119 3 0 127 135 134
120 3 0 127 128 135
121 3 0 128 136 135
122 3 0 128 129 136
123 3 0 129 137 136
124 3 0 129 16 137
125 3 0 16 15 137
126 3 0 36 130 37
127 3 0 130 138 37
128 3 0 130 131 138
129 3 0 131 139 138
130 3 0 131 132 139
131 3 0 132 140 139
132 3 0 132 133 140
133 3 0 133 141 140
134 3 0 133 134 141
135 3 0 134 142 141
136 3 0 134 135 142
137 3 0 135 143 142
138 3 0 135 136 143
139 3 0 136 144 143
140 3 0 136 137 144
141 3 0 137 145 144
142 3 0 137 15 145
143 3 0 15 14 145
144 3 0 37 138 0
145 3 0 138 6 0
146 3 0 138 139 6
147 3 0 139 7 6
148 3 0 139 140 7
149 3 0 140 8 7
150 3 0 140 141 8
151 3 0 141 9 8
152 3 0 141 142 9
153 3 0 142 10 9
154 3 0 142 143 10
155 3 0 143 11 10
156 3 0 143 144 11
157 3 0 144 12 11
158 3 0 144 145 12
159 3 0 145 13 12
160 3 0 145 14 13
161 3 0 14 1 13
162 3 0 3 38 29
163 3 0 29 38 146
164 3 0 29 146 28
165 3 0 28 146 147
166 3 0 28 147 27
167 3 0 27 147 148
168 3 0 27 148 26
169 3 0 26 148 149
170 3 0 26 149 25
171 3 0 25 149 150
172 3 0 25 150 24
173 3 0 24 150 151
174 3 0 24 151 23
175 3 0 23 151 152
176 3 0 23 152 22
177 3 0 22 152 153
178 3 0 22 153 2
179 3 0 2 153 81
180 3 0 38 39 146
181 3 0 146 39 154
182 3 0 146 154 147
183 3 0 147 154 155
184 3 0 147 155 148
185 3 0 148 155 156
186 3 0 148 156 149
187 3 0 149 156 157
188 3 0 149 157 150
189 3 0 150 157 158
190 3 0 150 158 151
191 3 0 151 158 159
192 3 0 151 159 152
193 3 0 152 159 160
194 3 0 152 160 153
195 3 0 153 160 161
196 3 0 153 161 81
197 3 0 81 161 80
198 3 0 39 40 154
199 3 0 154 40 162
200 3 0 154 162 155
201 3 0 155 162 163
202 3 0 155 163 156
203 3 0 156 163 164
204 3 0 156 164 157
205 3 0 157 164 165
206 3 0 157 165 158
207 3 0 158 165 166
208 3 0 158 166 159
209 3 0 159 166 167
210 3 0 159 167 160
211 3 0 160 167 168
212 3 0 160 168 161
213 3 0 161 168 169
214 3 0 161 169 80
215 3 0 80 169 79
216 3 0 40 41 162
217 3 0 162 41 170
218 3 0 162 170 163
219 3 0 163 170 171
220 3 0 163 171 164
221 3 0 164 171 172
222 3 0 164 172 165
223 3 0 165 172 173
224 3 0 165 173 166
225 3 0 166 173 174
226 3 0 166 174 167
227 3 0 167 174 175
228 3 0 167 175 168
229 3 0 168 175 176
230 3 0 168 176 169
231 3 0 169 176 177
232 3 0 169 177 79
233 3 0 79 177 78
234 3 0 41 42 170
235 3 0 170 42 178
236 3 0 170 178 171
237 3 0 171 178 179
238 3 0 171 179 172
239 3 0 172 179 180
240 3 0 172 180 173
241 3 0 173 180 181
242 3 0 173 181 174
243 3 0 174 181 182
244 3 0 174 182 175
245 3 0 175 182 183
246 3 0 175 183 176
247 3 0 176 183 184
248 3 0 176 184 177
249 3 0 177 184 185
250 3 0 177 185 78
251 3 0 78 185 77
252 3 0 42 43 178
253 3 0 178 43 186
254 3 0 178 186 179
255 3 0 179 186 187
256 3 0 179 187 180
257 3 0 180 187 188
258 3 0 180 188 181
259 3 0 181 188 189
260 3 0 181 189 182
261 3 0 182 189 190
262 3 0 182 190 183
263 3 0 183 190 191
264 3 0 183 191 184
265 3 0 184 191 192
266 3 0 184 192 185
267 3 0 185 192 193
268 3 0 185 193 77
269 3 0 77 193 76
270 3 0 43 44 186
271 3 0 186 44 194
272 3 0 186 194 187
273 3 0 187 194 195
274 3 0 187 195 188
275 3 0 188 195 196
276 3 0 188 196 189
277 3 0 189 196 197
278 3 0 189 197 190
279 3 0 190 197 198
280 3 0 190 198 191
281 3 0 191 198 199
282 3 0 191 199 192
283 3 0 192 199 200
284 3 0 192 200 193
285 3 0 193 200 201
286 3 0 193 201 76
287 3 0 76 201 75
288 3 0 44 45 194
289 3 0 194 45 202
290 3 0 194 202 195
291 3 0 195 202 203
292 3 0 195 203 196
293 3 0 196 203 204
294 3 0 196 204 197
295 3 0 197 204 205
296 3 0 197 205 198
297 3 0 198 205 206
298 3 0 198 206 199
299 3 0 199 206 207
300 3 0 199 207 200
301 3 0 200 207 208
302 3 0 200 208 201
303 3 0 201 208 209
304 3 0 201 209 75
305 3 0 75 209 74
306 3 0 45 46 202
307 3 0 202 46 210
308 3 0 202 210 203
309 3 0 203 210 211
310 3 0 203 211 204
311 3 0 204 211 212
312 3 0 204 212 205
313 3 0 205 212 213
314 3 0 205 213 206
315 3 0 206 213 214
316 3 0 206 214 207
317 3 0 207 214 215
318 3 0 207 215 208
319 3 0 208 215 216
320 3 0 208 216 209
321 3 0 209 216 217
322 3 0 209 217 74
323 3 0 74 217 73
324 3 0 46 47 210
325 3 0 210 47 218
326 3 0 210 218 211
327 3 0 211 218 219
328 3 0 211 219 212
329 3 0 212 219 220
330 3 0 212 220 213
331 3 0 213 220 221
332 3 0 213 221 214
333 3 0 214 221 222
334 3 0 214 222 215
335 3 0 215 222 223
336 3 0 215 223 216
337 3 0 216 223 224
338 3 0 216 224 217
339 3 0 217 224 225
340 3 0 217 225 73
341 3 0 73 225 72
342 3 0 47 48 218
343 3 0 218 48 226
344 3 0 218 226 219
345 3 0 219 226 227
346 3 0 219 227 220
347 3 0 220 227 228
348 3 0 220 228 221
349 3 0 221 228 229
350 3 0 221 229 222
351 3 0 222 229 230
352 3 0 222 230 223
353 3 0 223 230 231
354 3 0 223 231 224
355 3 0 224 231 232
356 3 0 224 232 225
357 3 0 225 232 233
358 3 0 225 233 72
359 3 0 72 233 71
360 3 0 48 49 226
361 3 0 226 49 234
362 3 0 226 234 227
363 3 0 227 234 235
364 3 0 227 235 228
365 3 0 228 235 236
366 3 0 228 236 229
367 3 0 229 236 237
368 3 0 229 237 230
369 3 0 230 237 238
370 3 0 230 238 231
371 3 0 231 238 239
372 3 0 231 239 232
373 3 0 232 239 240
374 3 0 232 240 233
375 3 0 233 240 241
376 3 0 233 241 71
377 3 0 71 241 70
378 3 0 49 50 234
379 3 0 234 50 242
380 3 0 234 242 235
381 3 0 235 242 243
382 3 0 235 243 236
383 3 0 236 243 244
384 3 0 236 244 237
385 3 0 237 244 245
386 3 0 237 245 238
387 3 0 238 245 246
388 3 0 238 246 239
389 3 0 239 246 247
390 3 0 239 247 240
391 3 0 240 247 248
392 3 0 240 248 241
393 3 0 241 248 249
394 3 0 241 249 70
395 3 0 70 249 69
396 3 0 50 51 242
397 3 0 242 51 250
398 3 0 242 250 243
399 3 0 243 250 251
400 3 0 243 251 244
401 3 0 244 251 252
402 3 0 244 252 245
403 3 0 245 252 253
404 3 0 245 253 246
405 3 0 246 253 254
406 3 0 246 254 247
407 3 0 247 254 255
408 3 0 247 255 248
409 3 0 248 255 256
410 3 0 248 256 249
411 3 0 249 256 257
412 3 0 249 257 69
413 3 0 69 257 68
414 3 0 51 52 250
415 3 0 250 52 258
416 3 0 250 258 251
417 3 0 251 258 259
418 3 0 251 259 252
419 3 0 252 259 260
420 3 0 252 260 253
421 3 0 253 260 261
422 3 0 253 261 254
423 3 0 254 261 262
424 3 0 254 262 255
425 3 0 255 262 263
426 3 0 255 263 256
427 3 0 256 263 264
428 3 0 256 264 257
429 3 0 257 264 265
430 3 0 257 265 68
431 3 0 68 265 67
432 3 0 52 53 258
433 3 0 258 53 266
434 3 0 258 266 259
435 3 0 259 266 267
436 3 0 259 267 260
437 3 0 260 267 268
438 3 0 260 268 261
439 3 0 261 268 269
440 3 0 261 269 262
441 3 0 262 269 270
442 3 0 262 270 263
443 3 0 263 270 271
444 3 0 263 271 264
445 3 0 264 271 272
446 3 0 264 272 265
447 3 0 265 272 273
448 3 0 265 273 67
449 3 0 67 273 66
450 3 0 53 54 266
451 3 0 266 54 274
452 3 0 266 274 267
453 3 0 267 274 275
454 3 0 267 275 268
455 3 0 268 275 276
456 3 0 268 276 269
457 3 0 269 276 277
458 3 0 269 277 270
459 3 0 270 277 278
460 3 0 270 278 271
461 3 0 271 278 279
462 3 0 271 279 272
463 3 0 272 279 280
464 3 0 272 280 273
465 3 0 273 280 281
466 3 0 273 281 66
467 3 0 66 281 65
468 3 0 54 55 274
469 3 0 274 55 282
470 3 0 274 282 275
471 3 0 275 282 283
472 3 0 275 283 276
473 3 0 276 283 284
474 3 0 276 284 277
475 3 0 277 284 285
476 3 0 277 285 278
477 3 0 278 285 286
478 3 0 278 286 279
479 3 0 279 286 287
480 3 0 279 287 280
481 3 0 280 287 288
482 3 0 280 288 281
483 3 0 281 288 289
484 3 0 281 289 65
485 3 0 65 289 64
486 3 0 55 4 282
487 3 0 282 4 56
488 3 0 282 56 283
489 3 0 283 56 57
490 3 0 283 57 284
491 3 0 284 57 58
492 3 0 284 58 285
493 3 0 285 58 59
494 3 0 285 59 286
495 3 0 286 59 60
496 3 0 286 60 287
497 3 0 287 60 61
498 3 0 287 61 288
499 3 0 288 61 62
500 3 0 288 62 289
501 3 0 289 62 63
502 3 0 289 63 64
503 3 0 64 63 5
