0 -5.0000 50.0000 0 0
1 5.0000 50.0000 0 0
2 5.0000 40.0000 0 0
3 -5.0000 40.0000 0 0
4 -25.0000 0.0000 -1 -1
5 25.0000 0.0000 -1 -1
6 -3.8889 50.0000 0 0
7 -2.7778 50.0000 0 0
8 -1.6667 50.0000 0 0
9 -0.5556 50.0000 0 0
10 0.5556 50.0000 0 0
11 1.6667 50.0000 0 0
12 2.7778 50.0000 0 0
13 3.8889 50.0000 0 0
14 5.0000 48.8889 0 0
15 5.0000 47.7778 0 0
16 5.0000 46.6667 0 0
17 5.0000 45.5556 0 0
18 5.0000 44.4444 0 0
19 5.0000 43.3333 0 0
20 5.0000 42.2222 0 0
21 5.0000 41.1111 0 0
22 3.8889 40.0000 0 0
23 2.7778 40.0000 0 0
24 1.6667 40.0000 0 0
25 0.5556 40.0000 0 0
26 -0.5556 40.0000 0 0
27 -1.6667 40.0000 0 0
28 -2.7778 40.0000 0 0
29 -3.8889 40.0000 0 0
30 -5.0000 41.1111 0 0
31 -5.0000 42.2222 0 0
32 -5.0000 43.3333 0 0
33 -5.0000 44.4444 0 0
34 -5.0000 45.5556 0 0
35 -5.0000 46.6667 0 0
36 -5.0000 47.7778 0 0
37 -5.0000 48.8889 0 0
38 -6.0526 37.8947 0 0
39 -7.1053 35.7895 0 0
40 -8.1579 33.6842 0 0
41 -9.2105 31.5789 0 0
42 -10.2632 29.4737 0 0
43 -11.3158 27.3684 0 0
44 -12.3684 25.2632 0 0
45 -13.4211 23.1579 0 0
46 -14.4737 21.0526 0 0
47 -15.5263 18.9474 0 0
48 -16.5789 16.8421 0 0
49 -17.6316 14.7368 0 0
50 -18.6842 12.6316 0 0
51 -19.7368 10.5263 0 0
52 -20.7895 8.4211 0 0
53 -21.8421 6.3158 0 0
54 -22.8947 4.2105 0 0
55 -23.9474 2.1053 0 0
56 -19.4444 0.0000 -1 -1
57 -13.8889 0.0000 -1 -1
58 -8.3333 0.0000 -1 -1
59 -2.7778 0.0000 -1 -1
60 2.7778 0.0000 -1 -1
61 8.3333 0.0000 -1 -1
62 13.8889 0.0000 -1 -1
63 19.4444 0.0000 -1 -1
64 23.9474 2.1053 0 0
65 22.8947 4.2105 0 0
66 21.8421 6.3158 0 0
67 20.7895 8.4211 0 0
68 19.7368 10.5263 0 0
69 18.6842 12.6316 0 0
70 17.6316 14.7368 0 0
71 16.5789 16.8421 0 0
72 15.5263 18.9474 0 0
73 14.4737 21.0526 0 0
74 13.4211 23.1579 0 0
75 12.3684 25.2632 0 0
76 11.3158 27.3684 0 0
77 10.2632 29.4737 0 0
78 9.2105 31.5789 0 0
79 8.1579 33.6842 0 0
80 7.1053 35.7895 0 0
81 6.0526 37.8947 0 0
82 -3.8889 41.1111 0 0
83 -2.7778 41.1111 0 0
84 -1.6667 41.1111 0 0
85 -0.5556 41.1111 0 0
86 0.5556 41.1111 0 0
87 1.6667 41.1111 0 0
88 2.7778 41.1111 0 0
89 3.8889 41.1111 0 0
90 -3.8889 42.2222 0 0
91 -2.7778 42.2222 0 0
92 -1.6667 42.2222 0 0
93 -0.5556 42.2222 0 0
94 0.5556 42.2222 0 0
95 1.6667 42.2222 0 0
96 2.7778 42.2222 0 0
97 3.8889 42.2222 0 0
98 -3.8889 43.3333 0 0
99 -2.7778 43.3333 0 0
100 -1.6667 43.3333 0 0
101 -0.5556 43.3333 0 0
102 0.5556 43.3333 0 0
103 1.6667 43.3333 0 0
104 2.7778 43.3333 0 0
105 3.8889 43.3333 0 0
106 -3.8889 44.4444 0 0
107 -2.7778 44.4444 0 0
108 -1.6667 44.4444 0 0
109 -0.5556 44.4444 0 0
110 0.5556 44.4444 0 0
111 1.6667 44.4444 0 0
112 2.7778 44.4444 0 0
113 3.8889 44.4444 0 0
114 -3.8889 45.5556 0 0
115 -2.7778 45.5556 0 0
116 -1.6667 45.5556 0 0
117 -0.5556 45.5556 0 0
118 0.5556 45.5556 0 0
119 1.6667 45.5556 0 0
120 2.7778 45.5556 0 0
121 3.8889 45.5556 0 0
122 -3.8889 46.6667 0 0
123 -2.7778 46.6667 0 0
124 -1.6667 46.6667 0 0
125 -0.5556 46.6667 0 0
126 0.5556 46.6667 0 0
127 1.6667 46.6667 0 0
128 2.7778 46.6667 0 0
129 3.8889 46.6667 0 0
130 -3.8889 47.7778 0 0
131 -2.7778 47.7778 0 0
132 -1.6667 47.7778 0 0
133 -0.5556 47.7778 0 0
134 0.5556 47.7778 0 0
135 1.6667 47.7778 0 0
136 2.7778 47.7778 0 0
137 3.8889 47.7778 0 0
138 -3.8889 48.8889 0 0
139 -2.7778 48.8889 0 0
140 -1.6667 48.8889 0 0
141 -0.5556 48.8889 0 0
142 0.5556 48.8889 0 0
143 1.6667 48.8889 0 0
144 2.7778 48.8889 0 0
145 3.8889 48.8889 0 0
146 -4.7076 37.8947 0 0
147 -3.3626 37.8947 0 0
148 -2.0175 37.8947 0 0
149 -0.6725 37.8947 0 0
150 0.6725 37.8947 0 0
151 2.0175 37.8947 0 0
152 3.3626 37.8947 0 0
153 4.7076 37.8947 0 0
154 -5.5263 35.7895 0 0
155 -3.9474 35.7895 0 0
156 -2.3684 35.7895 0 0
157 -0.7895 35.7895 0 0
158 0.7895 35.7895 0 0
159 2.3684 35.7895 0 0
160 3.9474 35.7895 0 0
161 5.5263 35.7895 0 0
162 -6.3450 33.6842 0 0
163 -4.5322 33.6842 0 0
164 -2.7193 33.6842 0 0
165 -0.9064 33.6842 0 0
166 0.9064 33.6842 0 0
167 2.7193 33.6842 0 0
168 4.5322 33.6842 0 0
169 6.3450 33.6842 0 0
170 -7.1637 31.5789 0 0
171 -5.1170 31.5789 0 0
172 -3.0702 31.5789 0 0
173 -1.0234 31.5789 0 0
174 1.0234 31.5789 0 0
175 3.0702 31.5789 0 0
176 5.1170 31.5789 0 0
177 7.1637 31.5789 0 0
178 -7.9825 29.4737 0 0
179 -5.7018 29.4737 0 0
180 -3.4211 29.4737 0 0
181 -1.1404 29.4737 0 0
182 1.1404 29.4737 0 0
183 3.4211 29.4737 0 0
184 5.7018 29.4737 0 0
185 7.9825 29.4737 0 0
186 -8.8012 27.3684 0 0
187 -6.2865 27.3684 0 0
188 -3.7719 27.3684 0 0
189 -1.2573 27.3684 0 0
190 1.2573 27.3684 0 0
191 3.7719 27.3684 0 0
192 6.2865 27.3684 0 0
193 8.8012 27.3684 0 0
194 -9.6199 25.2632 0 0
195 -6.8713 25.2632 0 0
196 -4.1228 25.2632 0 0
197 -1.3743 25.2632 0 0
198 1.3743 25.2632 0 0
199 4.1228 25.2632 0 0
200 6.8713 25.2632 0 0
201 9.6199 25.2632 0 0
202 -10.4386 23.1579 0 0
203 -7.4561 23.1579 0 0
204 -4.4737 23.1579 0 0
205 -1.4912 23.1579 0 0
206 1.4912 23.1579 0 0
207 4.4737 23.1579 0 0
208 7.4561 23.1579 0 0
209 10.4386 23.1579 0 0
210 -11.2573 21.0526 0 0
211 -8.0409 21.0526 0 0
212 -4.8246 21.0526 0 0
213 -1.6082 21.0526 0 0
214 1.6082 21.0526 0 0
215 4.8246 21.0526 0 0
216 8.0409 21.0526 0 0
217 11.2573 21.0526 0 0
218 -12.0760 18.9474 0 0
219 -8.6257 18.9474 0 0
220 -5.1754 18.9474 0 0
221 -1.7251 18.9474 0 0
222 1.7251 18.9474 0 0
223 5.1754 18.9474 0 0
224 8.6257 18.9474 0 0
225 12.0760 18.9474 0 0
226 -12.8947 16.8421 0 0
227 -9.2105 16.8421 0 0
228 -5.5263 16.8421 0 0
229 -1.8421 16.8421 0 0
230 1.8421 16.8421 0 0
231 5.5263 16.8421 0 0
232 9.2105 16.8421 0 0
233 12.8947 16.8421 0 0
234 -13.7135 14.7368 0 0
235 -9.7953 14.7368 0 0
236 -5.8772 14.7368 0 0
237 -1.9591 14.7368 0 0
238 1.9591 14.7368 0 0
239 5.8772 14.7368 0 0
240 9.7953 14.7368 0 0
241 13.7135 14.7368 0 0
242 -14.5322 12.6316 0 0
243 -10.3801 12.6316 0 0
244 -6.2281 12.6316 0 0
245 -2.0760 12.6316 0 0
246 2.0760 12.6316 0 0
247 6.2281 12.6316 0 0
248 10.3801 12.6316 0 0
249 14.5322 12.6316 0 0
250 -15.3509 10.5263 0 0
251 -10.9649 10.5263 0 0
252 -6.5789 10.5263 0 0
253 -2.1930 10.5263 0 0
254 2.1930 10.5263 0 0
255 6.5789 10.5263 0 0
256 10.9649 10.5263 0 0
257 15.3509 10.5263 0 0
258 -16.1696 8.4211 0 0
259 -11.5497 8.4211 0 0
260 -6.9298 8.4211 0 0
261 -2.3099 8.4211 0 0
262 2.3099 8.4211 0 0
263 6.9298 8.4211 0 0
264 11.5497 8.4211 0 0
265 16.1696 8.4211 0 0
266 -16.9883 6.3158 0 0
267 -12.1345 6.3158 0 0
268 -7.2807 6.3158 0 0
269 -2.4269 6.3158 0 0
270 2.4269 6.3158 0 0
271 7.2807 6.3158 0 0
272 12.1345 6.3158 0 0
273 16.9883 6.3158 0 0
274 -17.8070 4.2105 0 0
275 -12.7193 4.2105 0 0
276 -7.6316 4.2105 0 0
277 -2.5439 4.2105 0 0
278 2.5439 4.2105 0 0
279 7.6316 4.2105 0 0
280 12.7193 4.2105 0 0
281 17.8070 4.2105 0 0
282 -18.6257 2.1053 0 0
283 -13.3041 2.1053 0 0
284 -7.9825 2.1053 0 0
285 -2.6608 2.1053 0 0
286 2.6608 2.1053 0 0
287 7.9825 2.1053 0 0
288 13.3041 2.1053 0 0
289 18.6257 2.1053 0 0
