0 0.000000 -6.250000
1 0.000000 -6.250000
2 0.000000 -6.250000
3 0.000000 -6.250000
4 0.000000 -6.250000
5 0.000000 -6.250000
6 0.000000 -6.250000
7 0.000000 -6.250000
8 0.000000 -6.250000
9 0.000000 -6.250000
10 0.000000 -6.250000
11 0.000000 -6.250000
12 0.000000 -6.250000
13 0.000000 -6.250000
14 0.000000 -6.250000
15 0.000000 -6.250000
16 0.000000 -6.250000
17 0.000000 -6.250000
18 0.000000 -6.250000
19 0.000000 -6.250000
20 0.000000 -6.250000
21 0.000000 -6.250000
22 0.000000 -6.250000
23 0.000000 -6.250000
24 0.000000 -6.250000
25 0.000000 -6.250000
26 0.000000 -6.250000
27 0.000000 -6.250000
28 0.000000 -6.250000
29 0.000000 -6.250000
30 0.000000 -6.250000
31 0.000000 -6.250000
