0 0.000000 -3.125000
1 0.000000 -3.125000
2 0.000000 -3.125000
3 0.000000 -3.125000
4 0.000000 -3.125000
5 0.000000 -3.125000
6 0.000000 -3.125000
7 0.000000 -3.125000
8 0.000000 -3.125000
9 0.000000 -3.125000
10 0.000000 -3.125000
11 0.000000 -3.125000
12 0.000000 -3.125000
13 0.000000 -3.125000
14 0.000000 -3.125000
15 0.000000 -3.125000
16 0.000000 -3.125000
17 0.000000 -3.125000
18 0.000000 -3.125000
19 0.000000 -3.125000
20 0.000000 -3.125000
21 0.000000 -3.125000
22 0.000000 -3.125000
23 0.000000 -3.125000
24 0.000000 -3.125000
25 0.000000 -3.125000
26 0.000000 -3.125000
27 0.000000 -3.125000
28 0.000000 -3.125000
29 0.000000 -3.125000
30 0.000000 -3.125000
31 0.000000 -3.125000
32 0.000000 -3.125000
33 0.000000 -3.125000
34 0.000000 -3.125000
35 0.000000 -3.125000
36 0.000000 -3.125000
37 0.000000 -3.125000
38 0.000000 -3.125000
39 0.000000 -3.125000
40 0.000000 -3.125000
41 0.000000 -3.125000
42 0.000000 -3.125000
43 0.000000 -3.125000
44 0.000000 -3.125000
45 0.000000 -3.125000
46 0.000000 -3.125000
47 0.000000 -3.125000
48 0.000000 -3.125000
49 0.000000 -3.125000
50 0.000000 -3.125000
51 0.000000 -3.125000
52 0.000000 -3.125000
53 0.000000 -3.125000
54 0.000000 -3.125000
55 0.000000 -3.125000
56 0.000000 -3.125000
57 0.000000 -3.125000
58 0.000000 -3.125000
59 0.000000 -3.125000
60 0.000000 -3.125000
61 0.000000 -3.125000
62 0.000000 -3.125000
63 0.000000 -3.125000
