0 3 0 21 22 20
1 3 0 43 45 42
2 3 0 43 44 45
3 3 0 41 47 40
4 3 0 41 46 47
5 3 0 48 49 39
6 3 0 39 49 38
7 3 0 30 5 6
8 3 0 36 30 6
9 3 0 23 20 22
10 3 0 23 24 20
11 3 0 43 12 44
12 3 0 27 44 12
13 3 0 42 46 41
14 3 0 42 45 46
15 3 0 40 48 39
16 3 0 40 47 48
17 3 0 50 28 37
18 3 0 33 10 11
19 3 0 34 10 33
20 3 0 0 33 28
21 3 0 32 33 0
22 3 0 1 32 0
23 3 0 31 32 1
24 3 0 34 9 10
25 3 0 35 9 34
26 3 0 8 35 7
27 3 0 8 9 35
28 3 0 2 31 1
29 3 0 3 31 2
30 3 0 29 3 4
31 3 0 31 3 29
32 3 0 7 36 6
33 3 0 7 35 36
34 3 0 30 4 5
35 3 0 30 29 4
36 3 0 16 17 18
37 3 0 11 28 33
38 3 0 11 37 28
39 3 0 38 50 37
40 3 0 38 49 50
41 3 0 15 18 14
42 3 0 15 16 18
43 3 0 14 18 13
44 3 0 19 51 18
45 3 0 51 19 20
46 3 0 26 51 25
47 3 0 25 20 24
48 3 0 25 51 20
49 3 0 51 13 18
50 3 0 51 26 13
51 3 0 26 12 13
52 3 0 27 12 26
