0 232.2092 -8.8360 0 0
1 237.6038 -11.4506 0 0
2 245.4672 -13.8906 0 0
3 252.4676 -11.9976 0 0
4 256.4692 -8.4797 0 0
5 259.3578 0.0000 0 0
6 257.4648 7.0004 0 0
7 253.0408 11.6443 0 0
8 245.4672 13.8906 0 0
9 237.6038 11.4506 0 0
10 232.2092 8.8360 0 0
11 226.2820 7.9375 0 0
12 28.6858 7.9375 0 0
13 22.0387 9.0744 0 0
14 9.4041 17.6989 0 0
15 0.0982 20.0419 0 0
16 -8.0696 18.3458 0 0
17 -14.5680 13.7645 -1 -1
18 4.8178 8.5701 -1 -1
19 4.8178 -1.2909 -1 -1
20 -0.1127 -9.8308 -1 -1
21 -19.4985 -4.6364 -1 -1
22 -12.2385 -15.8716 0 0
23 -3.4500 -19.7430 0 0
24 7.0521 -18.7605 0 0
25 14.3580 -13.9835 0 0
26 20.9477 -9.4951 0 0
27 28.6858 -7.9375 0 0
28 226.2820 -7.9375 0 0
29 252.7573 -7.2901 0 0
30 255.7770 0.0000 0 0
31 245.4672 -10.3098 0 0
32 238.1771 -7.2901 0 0
33 235.1574 -0.0000 0 0
34 238.1771 7.2901 0 0
35 245.4672 10.3098 0 0
36 252.7573 7.2901 0 0
37 201.5825 7.9375 0 0
38 176.8830 7.9375 0 0
39 152.1834 7.9375 0 0
40 127.4839 7.9375 0 0
41 102.7844 7.9375 0 0
42 78.0848 7.9375 0 0
43 53.3853 7.9375 0 0
44 53.3853 -7.9375 0 0
45 78.0848 -7.9375 0 0
46 102.7844 -7.9375 0 0
47 127.4839 -7.9375 0 0
48 152.1834 -7.9375 0 0
49 176.8830 -7.9375 0 0
50 201.5825 -7.9375 0 0
51 12.2524 -5.6613 0 0
