0 1 0 1 4 192 191
1 1 0 191 192 193 190
2 1 0 190 193 194 189
3 1 0 189 194 195 188
4 1 0 188 195 196 187
5 1 0 187 196 197 186
6 1 0 186 197 198 185
7 1 0 185 198 199 184
8 1 0 184 199 200 183
9 1 0 183 200 201 182
10 1 0 182 201 88 3
11 1 0 4 5 202 192
12 1 0 192 202 203 193
13 1 0 193 203 204 194
14 1 0 194 204 205 195
15 1 0 195 205 206 196
16 1 0 196 206 207 197
17 1 0 197 207 208 198
18 1 0 198 208 209 199
19 1 0 199 209 210 200
20 1 0 200 210 211 201
21 1 0 201 211 89 88
22 1 0 5 6 212 202
23 1 0 202 212 213 203
24 1 0 203 213 214 204
25 1 0 204 214 215 205
26 1 0 205 215 216 206
27 1 0 206 216 217 207
28 1 0 207 217 218 208
29 1 0 208 218 219 209
30 1 0 209 219 220 210
31 1 0 210 220 221 211
32 1 0 211 221 90 89
33 1 0 6 7 222 212
34 1 0 212 222 223 213
35 1 0 213 223 224 214
36 1 0 214 224 225 215
37 1 0 215 225 226 216
38 1 0 216 226 227 217
39 1 0 217 227 228 218
40 1 0 218 228 229 219
41 1 0 219 229 230 220
42 1 0 220 230 231 221
43 1 0 221 231 91 90
44 1 0 7 8 232 222
45 1 0 222 232 233 223
46 1 0 223 233 234 224
47 1 0 224 234 235 225
48 1 0 225 235 236 226
49 1 0 226 236 237 227
50 1 0 227 237 238 228
51 1 0 228 238 239 229
52 1 0 229 239 240 230
53 1 0 230 240 241 231
54 1 0 231 241 92 91
55 1 0 8 9 242 232
56 1 0 232 242 243 233
57 1 0 233 243 244 234
58 1 0 234 244 245 235
59 1 0 235 245 246 236
60 1 0 236 246 247 237
61 1 0 237 247 248 238
62 1 0 238 248 249 239
63 1 0 239 249 250 240
64 1 0 240 250 251 241
65 1 0 241 251 93 92
66 1 0 9 10 252 242
67 1 0 242 252 253 243
68 1 0 243 253 254 244
69 1 0 244 254 255 245
70 1 0 245 255 256 246
71 1 0 246 256 257 247
72 1 0 247 257 258 248
73 1 0 248 258 259 249
74 1 0 249 259 260 250
75 1 0 250 260 261 251
76 1 0 251 261 94 93
77 1 0 10 11 262 252
78 1 0 252 262 263 253
79 1 0 253 263 264 254
80 1 0 254 264 265 255
81 1 0 255 265 266 256
82 1 0 256 266 267 257
83 1 0 257 267 268 258
84 1 0 258 268 269 259
85 1 0 259 269 270 260
86 1 0 260 270 271 261
87 1 0 261 271 95 94
88 1 0 11 12 272 262
89 1 0 262 272 273 263
90 1 0 263 273 274 264
91 1 0 264 274 275 265
92 1 0 265 275 276 266
93 1 0 266 276 277 267
94 1 0 267 277 278 268
95 1 0 268 278 279 269
96 1 0 269 279 280 270
97 1 0 270 280 281 271
98 1 0 271 281 96 95
99 1 0 12 13 282 272
100 1 0 272 282 283 273
101 1 0 273 283 284 274
102 1 0 274 284 285 275
103 1 0 275 285 286 276
104 1 0 276 286 287 277
105 1 0 277 287 288 278
106 1 0 278 288 289 279
107 1 0 279 289 290 280
108 1 0 280 290 291 281
109 1 0 281 291 97 96
110 1 0 13 14 292 282
111 1 0 282 292 293 283
112 1 0 283 293 294 284
113 1 0 284 294 295 285
114 1 0 285 295 296 286
115 1 0 286 296 297 287
116 1 0 287 297 298 288
117 1 0 288 298 299 289
118 1 0 289 299 300 290
119 1 0 290 300 301 291
120 1 0 291 301 98 97
121 1 0 14 15 302 292
122 1 0 292 302 303 293
123 1 0 293 303 304 294
124 1 0 294 304 305 295
125 1 0 295 305 306 296
126 1 0 296 306 307 297
127 1 0 297 307 308 298
128 1 0 298 308 309 299
129 1 0 299 309 310 300
130 1 0 300 310 311 301
131 1 0 301 311 99 98
132 1 0 15 16 312 302
133 1 0 302 312 313 303
134 1 0 303 313 314 304
135 1 0 304 314 315 305
136 1 0 305 315 316 306
137 1 0 306 316 317 307
138 1 0 307 317 318 308
139 1 0 308 318 319 309
140 1 0 309 319 320 310
141 1 0 310 320 321 311
142 1 0 311 321 100 99
143 1 0 16 17 322 312
144 1 0 312 322 323 313
145 1 0 313 323 324 314
146 1 0 314 324 325 315
147 1 0 315 325 326 316
148 1 0 316 326 327 317
149 1 0 317 327 328 318
150 1 0 318 328 329 319
151 1 0 319 329 330 320
152 1 0 320 330 331 321
153 1 0 321 331 101 100
154 1 0 17 18 332 322
155 1 0 322 332 333 323
156 1 0 323 333 334 324
157 1 0 324 334 335 325
158 1 0 325 335 336 326
159 1 0 326 336 337 327
160 1 0 327 337 338 328
161 1 0 328 338 339 329
162 1 0 329 339 340 330
163 1 0 330 340 341 331
164 1 0 331 341 102 101
165 1 0 18 19 342 332
166 1 0 332 342 343 333
167 1 0 333 343 344 334
168 1 0 334 344 345 335
169 1 0 335 345 346 336
170 1 0 336 346 347 337
171 1 0 337 347 348 338
172 1 0 338 348 349 339
173 1 0 339 349 350 340
174 1 0 340 350 351 341
175 1 0 341 351 103 102
176 1 0 19 20 352 342
177 1 0 342 352 353 343
178 1 0 343 353 354 344
179 1 0 344 354 355 345
180 1 0 345 355 356 346
181 1 0 346 356 357 347
182 1 0 347 357 358 348
183 1 0 348 358 359 349
184 1 0 349 359 360 350
185 1 0 350 360 361 351
186 1 0 351 361 104 103
187 1 0 20 21 362 352
188 1 0 352 362 363 353
189 1 0 353 363 364 354
190 1 0 354 364 365 355
191 1 0 355 365 366 356
192 1 0 356 366 367 357
193 1 0 357 367 368 358
194 1 0 358 368 369 359
195 1 0 359 369 370 360
196 1 0 360 370 371 361
197 1 0 361 371 105 104
198 1 0 21 22 372 362
199 1 0 362 372 373 363
200 1 0 363 373 374 364
201 1 0 364 374 375 365
202 1 0 365 375 376 366
203 1 0 366 376 377 367
204 1 0 367 377 378 368
205 1 0 368 378 379 369
206 1 0 369 379 380 370
207 1 0 370 380 381 371
208 1 0 371 381 106 105
209 1 0 22 23 382 372
210 1 0 372 382 383 373
211 1 0 373 383 384 374
212 1 0 374 384 385 375
213 1 0 375 385 386 376
214 1 0 376 386 387 377
215 1 0 377 387 388 378
216 1 0 378 388 389 379
217 1 0 379 389 390 380
218 1 0 380 390 391 381
219 1 0 381 391 107 106
220 1 0 23 24 392 382
221 1 0 382 392 393 383
222 1 0 383 393 394 384
223 1 0 384 394 395 385
224 1 0 385 395 396 386
225 1 0 386 396 397 387
226 1 0 387 397 398 388
227 1 0 388 398 399 389
228 1 0 389 399 400 390
229 1 0 390 400 401 391
230 1 0 391 401 108 107
231 1 0 24 25 402 392
232 1 0 392 402 403 393
233 1 0 393 403 404 394
234 1 0 394 404 405 395
235 1 0 395 405 406 396
236 1 0 396 406 407 397
237 1 0 397 407 408 398
238 1 0 398 408 409 399
239 1 0 399 409 410 400
240 1 0 400 410 411 401
241 1 0 401 411 109 108
242 1 0 25 26 412 402
243 1 0 402 412 413 403
244 1 0 403 413 414 404
245 1 0 404 414 415 405
246 1 0 405 415 416 406
247 1 0 406 416 417 407
248 1 0 407 417 418 408
249 1 0 408 418 419 409
250 1 0 409 419 420 410
251 1 0 410 420 421 411
252 1 0 411 421 110 109
253 1 0 26 27 422 412
254 1 0 412 422 423 413
255 1 0 413 423 424 414
256 1 0 414 424 425 415
257 1 0 415 425 426 416
258 1 0 416 426 427 417
259 1 0 417 427 428 418
260 1 0 418 428 429 419
261 1 0 419 429 430 420
262 1 0 420 430 431 421
263 1 0 421 431 111 110
264 1 0 27 28 432 422
265 1 0 422 432 433 423
266 1 0 423 433 434 424
267 1 0 424 434 435 425
268 1 0 425 435 436 426
269 1 0 426 436 437 427
270 1 0 427 437 438 428
271 1 0 428 438 439 429
272 1 0 429 439 440 430
273 1 0 430 440 441 431
274 1 0 431 441 112 111
275 1 0 28 29 442 432
276 1 0 432 442 443 433
277 1 0 433 443 444 434
278 1 0 434 444 445 435
279 1 0 435 445 446 436
280 1 0 436 446 447 437
281 1 0 437 447 448 438
282 1 0 438 448 449 439
283 1 0 439 449 450 440
284 1 0 440 450 451 441
285 1 0 441 451 113 112
286 1 0 29 30 452 442
287 1 0 442 452 453 443
288 1 0 443 453 454 444
289 1 0 444 454 455 445
290 1 0 445 455 456 446
291 1 0 446 456 457 447
292 1 0 447 457 458 448
293 1 0 448 458 459 449
294 1 0 449 459 460 450
295 1 0 450 460 461 451
296 1 0 451 461 114 113
297 1 0 30 31 462 452
298 1 0 452 462 463 453
299 1 0 453 463 464 454
300 1 0 454 464 465 455
301 1 0 455 465 466 456
302 1 0 456 466 467 457
303 1 0 457 467 468 458
304 1 0 458 468 469 459
305 1 0 459 469 470 460
306 1 0 460 470 471 461
307 1 0 461 471 115 114
308 1 0 31 32 472 462
309 1 0 462 472 473 463
310 1 0 463 473 474 464
311 1 0 464 474 475 465
312 1 0 465 475 476 466
313 1 0 466 476 477 467
314 1 0 467 477 478 468
315 1 0 468 478 479 469
316 1 0 469 479 480 470
317 1 0 470 480 481 471
318 1 0 471 481 116 115
319 1 0 32 33 482 472
320 1 0 472 482 483 473
321 1 0 473 483 484 474
322 1 0 474 484 485 475
323 1 0 475 485 486 476
324 1 0 476 486 487 477
325 1 0 477 487 488 478
326 1 0 478 488 489 479
327 1 0 479 489 490 480
328 1 0 480 490 491 481
329 1 0 481 491 117 116
330 1 0 33 34 492 482
331 1 0 482 492 493 483
332 1 0 483 493 494 484
333 1 0 484 494 495 485
334 1 0 485 495 496 486
335 1 0 486 496 497 487
336 1 0 487 497 498 488
337 1 0 488 498 499 489
338 1 0 489 499 500 490
339 1 0 490 500 501 491
340 1 0 491 501 118 117
341 1 0 34 35 502 492
342 1 0 492 502 503 493
343 1 0 493 503 504 494
344 1 0 494 504 505 495
345 1 0 495 505 506 496
346 1 0 496 506 507 497
347 1 0 497 507 508 498
348 1 0 498 508 509 499
349 1 0 499 509 510 500
350 1 0 500 510 511 501
351 1 0 501 511 119 118
352 1 0 35 36 512 502
353 1 0 502 512 513 503
354 1 0 503 513 514 504
355 1 0 504 514 515 505
356 1 0 505 515 516 506
357 1 0 506 516 517 507
358 1 0 507 517 518 508
359 1 0 508 518 519 509
360 1 0 509 519 520 510
361 1 0 510 520 521 511
362 1 0 511 521 120 119
363 1 0 36 37 522 512
364 1 0 512 522 523 513
365 1 0 513 523 524 514
366 1 0 514 524 525 515
367 1 0 515 525 526 516
368 1 0 516 526 527 517
369 1 0 517 527 528 518
370 1 0 518 528 529 519
371 1 0 519 529 530 520
372 1 0 520 530 531 521
373 1 0 521 531 121 120
374 1 0 37 38 532 522
375 1 0 522 532 533 523
376 1 0 523 533 534 524
377 1 0 524 534 535 525
378 1 0 525 535 536 526
379 1 0 526 536 537 527
380 1 0 527 537 538 528
381 1 0 528 538 539 529
382 1 0 529 539 540 530
383 1 0 530 540 541 531
384 1 0 531 541 122 121
385 1 0 38 39 542 532
386 1 0 532 542 543 533
387 1 0 533 543 544 534
388 1 0 534 544 545 535
389 1 0 535 545 546 536
390 1 0 536 546 547 537
391 1 0 537 547 548 538
392 1 0 538 548 549 539
393 1 0 539 549 550 540
394 1 0 540 550 551 541
395 1 0 541 551 123 122
396 1 0 39 40 552 542
397 1 0 542 552 553 543
398 1 0 543 553 554 544
399 1 0 544 554 555 545
400 1 0 545 555 556 546
401 1 0 546 556 557 547
402 1 0 547 557 558 548
403 1 0 548 558 559 549
404 1 0 549 559 560 550
405 1 0 550 560 561 551
406 1 0 551 561 124 123
407 1 0 40 41 562 552
408 1 0 552 562 563 553
409 1 0 553 563 564 554
410 1 0 554 564 565 555
411 1 0 555 565 566 556
412 1 0 556 566 567 557
413 1 0 557 567 568 558
414 1 0 558 568 569 559
415 1 0 559 569 570 560
416 1 0 560 570 571 561
417 1 0 561 571 125 124
418 1 0 41 42 572 562
419 1 0 562 572 573 563
420 1 0 563 573 574 564
421 1 0 564 574 575 565
422 1 0 565 575 576 566
423 1 0 566 576 577 567
424 1 0 567 577 578 568
425 1 0 568 578 579 569
426 1 0 569 579 580 570
427 1 0 570 580 581 571
428 1 0 571 581 126 125
429 1 0 42 43 582 572
430 1 0 572 582 583 573
431 1 0 573 583 584 574
432 1 0 574 584 585 575
433 1 0 575 585 586 576
434 1 0 576 586 587 577
435 1 0 577 587 588 578
436 1 0 578 588 589 579
437 1 0 579 589 590 580
438 1 0 580 590 591 581
439 1 0 581 591 127 126
440 1 0 43 44 592 582
441 1 0 582 592 593 583
442 1 0 583 593 594 584
443 1 0 584 594 595 585
444 1 0 585 595 596 586
445 1 0 586 596 597 587
446 1 0 587 597 598 588
447 1 0 588 598 599 589
448 1 0 589 599 600 590
449 1 0 590 600 601 591
450 1 0 591 601 128 127
451 1 0 44 45 602 592
452 1 0 592 602 603 593
453 1 0 593 603 604 594
454 1 0 594 604 605 595
455 1 0 595 605 606 596
456 1 0 596 606 607 597
457 1 0 597 607 608 598
458 1 0 598 608 609 599
459 1 0 599 609 610 600
460 1 0 600 610 611 601
461 1 0 601 611 129 128
462 1 0 45 0 172 602
463 1 0 602 172 173 603
464 1 0 603 173 174 604
465 1 0 604 174 175 605
466 1 0 605 175 176 606
467 1 0 606 176 177 607
468 1 0 607 177 178 608
469 1 0 608 178 179 609
470 1 0 609 179 180 610
471 1 0 610 180 181 611
472 1 0 611 181 2 129
473 1 0 0 46 612 172
474 1 0 172 612 613 173
475 1 0 173 613 614 174
476 1 0 174 614 615 175
477 1 0 175 615 616 176
478 1 0 176 616 617 177
479 1 0 177 617 618 178
480 1 0 178 618 619 179
481 1 0 179 619 620 180
482 1 0 180 620 621 181
483 1 0 181 621 130 2
484 1 0 46 47 622 612
485 1 0 612 622 623 613
486 1 0 613 623 624 614
487 1 0 614 624 625 615
488 1 0 615 625 626 616
489 1 0 616 626 627 617
490 1 0 617 627 628 618
491 1 0 618 628 629 619
492 1 0 619 629 630 620
493 1 0 620 630 631 621
494 1 0 621 631 131 130
495 1 0 47 48 632 622
496 1 0 622 632 633 623
497 1 0 623 633 634 624
498 1 0 624 634 635 625
499 1 0 625 635 636 626
500 1 0 626 636 637 627
501 1 0 627 637 638 628
502 1 0 628 638 639 629
503 1 0 629 639 640 630
504 1 0 630 640 641 631
505 1 0 631 641 132 131
506 1 0 48 49 642 632
507 1 0 632 642 643 633
508 1 0 633 643 644 634
509 1 0 634 644 645 635
510 1 0 635 645 646 636
511 1 0 636 646 647 637
512 1 0 637 647 648 638
513 1 0 638 648 649 639
514 1 0 639 649 650 640
515 1 0 640 650 651 641
516 1 0 641 651 133 132
517 1 0 49 50 652 642
518 1 0 642 652 653 643
519 1 0 643 653 654 644
520 1 0 644 654 655 645
521 1 0 645 655 656 646
522 1 0 646 656 657 647
523 1 0 647 657 658 648
524 1 0 648 658 659 649
525 1 0 649 659 660 650
526 1 0 650 660 661 651
527 1 0 651 661 134 133
528 1 0 50 51 662 652
529 1 0 652 662 663 653
530 1 0 653 663 664 654
531 1 0 654 664 665 655
532 1 0 655 665 666 656
533 1 0 656 666 667 657
534 1 0 657 667 668 658
535 1 0 658 668 669 659
536 1 0 659 669 670 660
537 1 0 660 670 671 661
538 1 0 661 671 135 134
539 1 0 51 52 672 662
540 1 0 662 672 673 663
541 1 0 663 673 674 664
542 1 0 664 674 675 665
543 1 0 665 675 676 666
544 1 0 666 676 677 667
545 1 0 667 677 678 668
546 1 0 668 678 679 669
547 1 0 669 679 680 670
548 1 0 670 680 681 671
549 1 0 671 681 136 135
550 1 0 52 53 682 672
551 1 0 672 682 683 673
552 1 0 673 683 684 674
553 1 0 674 684 685 675
554 1 0 675 685 686 676
555 1 0 676 686 687 677
556 1 0 677 687 688 678
557 1 0 678 688 689 679
558 1 0 679 689 690 680
559 1 0 680 690 691 681
560 1 0 681 691 137 136
561 1 0 53 54 692 682
562 1 0 682 692 693 683
563 1 0 683 693 694 684
564 1 0 684 694 695 685
565 1 0 685 695 696 686
566 1 0 686 696 697 687
567 1 0 687 697 698 688
568 1 0 688 698 699 689
569 1 0 689 699 700 690
570 1 0 690 700 701 691
571 1 0 691 701 138 137
572 1 0 54 55 702 692
573 1 0 692 702 703 693
574 1 0 693 703 704 694
575 1 0 694 704 705 695
576 1 0 695 705 706 696
577 1 0 696 706 707 697
578 1 0 697 707 708 698
579 1 0 698 708 709 699
580 1 0 699 709 710 700
581 1 0 700 710 711 701
582 1 0 701 711 139 138
583 1 0 55 56 712 702
584 1 0 702 712 713 703
585 1 0 703 713 714 704
586 1 0 704 714 715 705
587 1 0 705 715 716 706
588 1 0 706 716 717 707
589 1 0 707 717 718 708
590 1 0 708 718 719 709
591 1 0 709 719 720 710
592 1 0 710 720 721 711
593 1 0 711 721 140 139
594 1 0 56 57 722 712
595 1 0 712 722 723 713
596 1 0 713 723 724 714
597 1 0 714 724 725 715
598 1 0 715 725 726 716
599 1 0 716 726 727 717
600 1 0 717 727 728 718
601 1 0 718 728 729 719
602 1 0 719 729 730 720
603 1 0 720 730 731 721
604 1 0 721 731 141 140
605 1 0 57 58 732 722
606 1 0 722 732 733 723
607 1 0 723 733 734 724
608 1 0 724 734 735 725
609 1 0 725 735 736 726
610 1 0 726 736 737 727
611 1 0 727 737 738 728
612 1 0 728 738 739 729
613 1 0 729 739 740 730
614 1 0 730 740 741 731
615 1 0 731 741 142 141
616 1 0 58 59 742 732
617 1 0 732 742 743 733
618 1 0 733 743 744 734
619 1 0 734 744 745 735
620 1 0 735 745 746 736
621 1 0 736 746 747 737
622 1 0 737 747 748 738
623 1 0 738 748 749 739
624 1 0 739 749 750 740
625 1 0 740 750 751 741
626 1 0 741 751 143 142
627 1 0 59 60 752 742
628 1 0 742 752 753 743
629 1 0 743 753 754 744
630 1 0 744 754 755 745
631 1 0 745 755 756 746
632 1 0 746 756 757 747
633 1 0 747 757 758 748
634 1 0 748 758 759 749
635 1 0 749 759 760 750
636 1 0 750 760 761 751
637 1 0 751 761 144 143
638 1 0 60 61 762 752
639 1 0 752 762 763 753
640 1 0 753 763 764 754
641 1 0 754 764 765 755
642 1 0 755 765 766 756
643 1 0 756 766 767 757
644 1 0 757 767 768 758
645 1 0 758 768 769 759
646 1 0 759 769 770 760
647 1 0 760 770 771 761
648 1 0 761 771 145 144
649 1 0 61 62 772 762
650 1 0 762 772 773 763
651 1 0 763 773 774 764
652 1 0 764 774 775 765
653 1 0 765 775 776 766
654 1 0 766 776 777 767
655 1 0 767 777 778 768
656 1 0 768 778 779 769
657 1 0 769 779 780 770
658 1 0 770 780 781 771
659 1 0 771 781 146 145
660 1 0 62 63 782 772
661 1 0 772 782 783 773
662 1 0 773 783 784 774
663 1 0 774 784 785 775
664 1 0 775 785 786 776
665 1 0 776 786 787 777
666 1 0 777 787 788 778
667 1 0 778 788 789 779
668 1 0 779 789 790 780
669 1 0 780 790 791 781
670 1 0 781 791 147 146
671 1 0 63 64 792 782
672 1 0 782 792 793 783
673 1 0 783 793 794 784
674 1 0 784 794 795 785
675 1 0 785 795 796 786
676 1 0 786 796 797 787
677 1 0 787 797 798 788
678 1 0 788 798 799 789
679 1 0 789 799 800 790
680 1 0 790 800 801 791
681 1 0 791 801 148 147
682 1 0 64 65 802 792
683 1 0 792 802 803 793
684 1 0 793 803 804 794
685 1 0 794 804 805 795
686 1 0 795 805 806 796
687 1 0 796 806 807 797
688 1 0 797 807 808 798
689 1 0 798 808 809 799
690 1 0 799 809 810 800
691 1 0 800 810 811 801
692 1 0 801 811 149 148
693 1 0 65 66 812 802
694 1 0 802 812 813 803
695 1 0 803 813 814 804
696 1 0 804 814 815 805
697 1 0 805 815 816 806
698 1 0 806 816 817 807
699 1 0 807 817 818 808
700 1 0 808 818 819 809
701 1 0 809 819 820 810
702 1 0 810 820 821 811
703 1 0 811 821 150 149
704 1 0 66 67 822 812
705 1 0 812 822 823 813
706 1 0 813 823 824 814
707 1 0 814 824 825 815
708 1 0 815 825 826 816
709 1 0 816 826 827 817
710 1 0 817 827 828 818
711 1 0 818 828 829 819
712 1 0 819 829 830 820
713 1 0 820 830 831 821
714 1 0 821 831 151 150
715 1 0 67 68 832 822
716 1 0 822 832 833 823
717 1 0 823 833 834 824
718 1 0 824 834 835 825
719 1 0 825 835 836 826
720 1 0 826 836 837 827
721 1 0 827 837 838 828
722 1 0 828 838 839 829
723 1 0 829 839 840 830
724 1 0 830 840 841 831
725 1 0 831 841 152 151
726 1 0 68 69 842 832
727 1 0 832 842 843 833
728 1 0 833 843 844 834
729 1 0 834 844 845 835
730 1 0 835 845 846 836
731 1 0 836 846 847 837
732 1 0 837 847 848 838
733 1 0 838 848 849 839
734 1 0 839 849 850 840
735 1 0 840 850 851 841
736 1 0 841 851 153 152
737 1 0 69 70 852 842
738 1 0 842 852 853 843
739 1 0 843 853 854 844
740 1 0 844 854 855 845
741 1 0 845 855 856 846
742 1 0 846 856 857 847
743 1 0 847 857 858 848
744 1 0 848 858 859 849
745 1 0 849 859 860 850
746 1 0 850 860 861 851
747 1 0 851 861 154 153
748 1 0 70 71 862 852
749 1 0 852 862 863 853
750 1 0 853 863 864 854
751 1 0 854 864 865 855
752 1 0 855 865 866 856
753 1 0 856 866 867 857
754 1 0 857 867 868 858
755 1 0 858 868 869 859
756 1 0 859 869 870 860
757 1 0 860 870 871 861
758 1 0 861 871 155 154
759 1 0 71 72 872 862
760 1 0 862 872 873 863
761 1 0 863 873 874 864
762 1 0 864 874 875 865
763 1 0 865 875 876 866
764 1 0 866 876 877 867
765 1 0 867 877 878 868
766 1 0 868 878 879 869
767 1 0 869 879 880 870
768 1 0 870 880 881 871
769 1 0 871 881 156 155
770 1 0 72 73 882 872
771 1 0 872 882 883 873
772 1 0 873 883 884 874
773 1 0 874 884 885 875
774 1 0 875 885 886 876
775 1 0 876 886 887 877
776 1 0 877 887 888 878
777 1 0 878 888 889 879
778 1 0 879 889 890 880
779 1 0 880 890 891 881
780 1 0 881 891 157 156
781 1 0 73 74 892 882
782 1 0 882 892 893 883
783 1 0 883 893 894 884
784 1 0 884 894 895 885
785 1 0 885 895 896 886
786 1 0 886 896 897 887
787 1 0 887 897 898 888
788 1 0 888 898 899 889
789 1 0 889 899 900 890
790 1 0 890 900 901 891
791 1 0 891 901 158 157
792 1 0 74 75 902 892
793 1 0 892 902 903 893
794 1 0 893 903 904 894
795 1 0 894 904 905 895
796 1 0 895 905 906 896
797 1 0 896 906 907 897
798 1 0 897 907 908 898
799 1 0 898 908 909 899
800 1 0 899 909 910 900
801 1 0 900 910 911 901
802 1 0 901 911 159 158
803 1 0 75 76 912 902
804 1 0 902 912 913 903
805 1 0 903 913 914 904
806 1 0 904 914 915 905
807 1 0 905 915 916 906
808 1 0 906 916 917 907
809 1 0 907 917 918 908
810 1 0 908 918 919 909
811 1 0 909 919 920 910
812 1 0 910 920 921 911
813 1 0 911 921 160 159
814 1 0 76 77 922 912
815 1 0 912 922 923 913
816 1 0 913 923 924 914
817 1 0 914 924 925 915
818 1 0 915 925 926 916
819 1 0 916 926 927 917
820 1 0 917 927 928 918
821 1 0 918 928 929 919
822 1 0 919 929 930 920
823 1 0 920 930 931 921
824 1 0 921 931 161 160
825 1 0 77 78 932 922
826 1 0 922 932 933 923
827 1 0 923 933 934 924
828 1 0 924 934 935 925
829 1 0 925 935 936 926
830 1 0 926 936 937 927
831 1 0 927 937 938 928
832 1 0 928 938 939 929
833 1 0 929 939 940 930
834 1 0 930 940 941 931
835 1 0 931 941 162 161
836 1 0 78 79 942 932
837 1 0 932 942 943 933
838 1 0 933 943 944 934
839 1 0 934 944 945 935
840 1 0 935 945 946 936
841 1 0 936 946 947 937
842 1 0 937 947 948 938
843 1 0 938 948 949 939
844 1 0 939 949 950 940
845 1 0 940 950 951 941
846 1 0 941 951 163 162
847 1 0 79 80 952 942
848 1 0 942 952 953 943
849 1 0 943 953 954 944
850 1 0 944 954 955 945
851 1 0 945 955 956 946
852 1 0 946 956 957 947
853 1 0 947 957 958 948
854 1 0 948 958 959 949
855 1 0 949 959 960 950
856 1 0 950 960 961 951
857 1 0 951 961 164 163
858 1 0 80 81 962 952
859 1 0 952 962 963 953
860 1 0 953 963 964 954
861 1 0 954 964 965 955
862 1 0 955 965 966 956
863 1 0 956 966 967 957
864 1 0 957 967 968 958
865 1 0 958 968 969 959
866 1 0 959 969 970 960
867 1 0 960 970 971 961
868 1 0 961 971 165 164
869 1 0 81 82 972 962
870 1 0 962 972 973 963
871 1 0 963 973 974 964
872 1 0 964 974 975 965
873 1 0 965 975 976 966
874 1 0 966 976 977 967
875 1 0 967 977 978 968
876 1 0 968 978 979 969
877 1 0 969 979 980 970
878 1 0 970 980 981 971
879 1 0 971 981 166 165
880 1 0 82 83 982 972
881 1 0 972 982 983 973
882 1 0 973 983 984 974
883 1 0 974 984 985 975
884 1 0 975 985 986 976
885 1 0 976 986 987 977
886 1 0 977 987 988 978
887 1 0 978 988 989 979
888 1 0 979 989 990 980
889 1 0 980 990 991 981
890 1 0 981 991 167 166
891 1 0 83 84 992 982
892 1 0 982 992 993 983
893 1 0 983 993 994 984
894 1 0 984 994 995 985
895 1 0 985 995 996 986
896 1 0 986 996 997 987
897 1 0 987 997 998 988
898 1 0 988 998 999 989
899 1 0 989 999 1000 990
900 1 0 990 1000 1001 991
901 1 0 991 1001 168 167
902 1 0 84 85 1002 992
903 1 0 992 1002 1003 993
904 1 0 993 1003 1004 994
905 1 0 994 1004 1005 995
906 1 0 995 1005 1006 996
907 1 0 996 1006 1007 997
908 1 0 997 1007 1008 998
909 1 0 998 1008 1009 999
910 1 0 999 1009 1010 1000
911 1 0 1000 1010 1011 1001
912 1 0 1001 1011 169 168
913 1 0 85 86 1012 1002
914 1 0 1002 1012 1013 1003
915 1 0 1003 1013 1014 1004
916 1 0 1004 1014 1015 1005
917 1 0 1005 1015 1016 1006
918 1 0 1006 1016 1017 1007
919 1 0 1007 1017 1018 1008
920 1 0 1008 1018 1019 1009
921 1 0 1009 1019 1020 1010
922 1 0 1010 1020 1021 1011
923 1 0 1011 1021 170 169
924 1 0 86 87 1022 1012
925 1 0 1012 1022 1023 1013
926 1 0 1013 1023 1024 1014
927 1 0 1014 1024 1025 1015
928 1 0 1015 1025 1026 1016
929 1 0 1016 1026 1027 1017
930 1 0 1017 1027 1028 1018
931 1 0 1018 1028 1029 1019
932 1 0 1019 1029 1030 1020
933 1 0 1020 1030 1031 1021
934 1 0 1021 1031 171 170
935 1 0 87 1 191 1022
936 1 0 1022 191 190 1023
937 1 0 1023 190 189 1024
938 1 0 1024 189 188 1025
939 1 0 1025 188 187 1026
940 1 0 1026 187 186 1027
941 1 0 1027 186 185 1028
942 1 0 1028 185 184 1029
943 1 0 1029 184 183 1030
944 1 0 1030 183 182 1031
945 1 0 1031 182 3 171
