0 1000000000.000000 -0.000000
1 -1000000000.000000 -0.000000
4 -997332283.663668 -72995314.659325
5 -989343368.075355 -145601167.733341
6 -976075877.556311 -217430175.579836
7 -957600599.908928 -288099099.363502
8 -934016108.733223 -357230889.799367
9 -905448237.494002 -424456698.873991
10 -872049408.144856 -489417847.809218
11 -833997817.891146 -551767740.768530
12 -791496488.430740 -611173714.095924
13 -744772182.745460 -667318811.220366
14 -694074195.222539 -719903473.756159
15 -639673021.561017 -768647139.776763
16 -581858915.560344 -813289740.733855
17 -520940340.490482 -853593089.035789
18 -457242323.307416 -889342148.881091
19 -391104720.493154 -920346183.567885
20 -322880404.774653 -946439773.156515
21 -252933382.395124 -967483697.056525
22 -181636850.983054 -983365676.828798
23 -109371208.381648 -994000975.239531
24 -36522023.061595 -999332848.370096
25 36522023.053770 -999332848.370381
26 109371208.374286 -994000975.240341
27 181636850.976123 -983365676.830078
28 252933382.388625 -967483697.058224
29 322880404.768777 -946439773.158520
30 391104720.487766 -920346183.570175
31 457242323.302508 -889342148.883614
32 520940340.486089 -853593089.038470
33 581858915.556544 -813289740.736573
34 639673021.557730 -768647139.779499
35 694074195.219698 -719903473.758898
36 744772182.743053 -667318811.223053
37 791496488.428712 -611173714.098552
38 833997817.889593 -551767740.770877
39 872049408.143698 -489417847.811282
40 905448237.493144 -424456698.875820
41 934016108.732632 -357230889.800915
42 957600599.908536 -288099099.364805
43 976075877.556076 -217430175.580889
44 989343368.075267 -145601167.733940
45 997332283.663646 -72995314.659616
46 997332283.663668 72995314.659325
47 989343368.075355 145601167.733341
48 976075877.556311 217430175.579836
49 957600599.908928 288099099.363502
50 934016108.733223 357230889.799367
51 905448237.494002 424456698.873991
52 872049408.144856 489417847.809218
53 833997817.891146 551767740.768530
54 791496488.430740 611173714.095924
55 744772182.745460 667318811.220366
56 694074195.222539 719903473.756159
57 639673021.561017 768647139.776763
58 581858915.560344 813289740.733855
59 520940340.490482 853593089.035789
60 457242323.307416 889342148.881091
61 391104720.493154 920346183.567885
62 322880404.774653 946439773.156515
63 252933382.395124 967483697.056525
64 181636850.983054 983365676.828798
65 109371208.381648 994000975.239531
66 36522023.061595 999332848.370096
67 -36522023.053770 999332848.370381
68 -109371208.374286 994000975.240341
69 -181636850.976123 983365676.830078
70 -252933382.388625 967483697.058224
71 -322880404.768777 946439773.158520
72 -391104720.487766 920346183.570175
73 -457242323.302508 889342148.883614
74 -520940340.486089 853593089.038470
75 -581858915.556544 813289740.736573
76 -639673021.557730 768647139.779499
77 -694074195.219698 719903473.758898
78 -744772182.743053 667318811.223053
79 -791496488.428712 611173714.098552
80 -833997817.889593 551767740.770877
81 -872049408.143698 489417847.811282
82 -905448237.493144 424456698.875820
83 -934016108.732632 357230889.800915
84 -957600599.908536 288099099.364805
85 -976075877.556076 217430175.580889
86 -989343368.075267 145601167.733940
87 -997332283.663646 72995314.659616
