4 0.000000 -33057.851240
6 0.000000 -33057.851240
320 0.000000 -33057.851240
321 0.000000 -33057.851240
322 0.000000 -33057.851240
323 0.000000 -33057.851240
324 0.000000 -33057.851240
325 0.000000 -33057.851240
326 0.000000 -33057.851240
327 0.000000 -33057.851240
328 0.000000 -33057.851240
329 0.000000 -33057.851240
330 0.000000 -33057.851240
331 0.000000 -33057.851240
332 0.000000 -33057.851240
333 0.000000 -33057.851240
334 0.000000 -33057.851240
335 0.000000 -33057.851240
336 0.000000 -33057.851240
337 0.000000 -33057.851240
338 0.000000 -33057.851240
339 0.000000 -33057.851240
340 0.000000 -33057.851240
341 0.000000 -33057.851240
342 0.000000 -33057.851240
343 0.000000 -33057.851240
344 0.000000 -33057.851240
345 0.000000 -33057.851240
346 0.000000 -33057.851240
347 0.000000 -33057.851240
348 0.000000 -33057.851240
349 0.000000 -33057.851240
350 0.000000 -33057.851240
351 0.000000 -33057.851240
352 0.000000 -33057.851240
353 0.000000 -33057.851240
354 0.000000 -33057.851240
355 0.000000 -33057.851240
356 0.000000 -33057.851240
357 0.000000 -33057.851240
358 0.000000 -33057.851240
359 0.000000 -33057.851240
360 0.000000 -33057.851240
361 0.000000 -33057.851240
362 0.000000 -33057.851240
363 0.000000 -33057.851240
364 0.000000 -33057.851240
365 0.000000 -33057.851240
366 0.000000 -33057.851240
367 0.000000 -33057.851240
368 0.000000 -33057.851240
369 0.000000 -33057.851240
370 0.000000 -33057.851240
371 0.000000 -33057.851240
372 0.000000 -33057.851240
373 0.000000 -33057.851240
374 0.000000 -33057.851240
375 0.000000 -33057.851240
376 0.000000 -33057.851240
377 0.000000 -33057.851240
378 0.000000 -33057.851240
379 0.000000 -33057.851240
380 0.000000 -33057.851240
381 0.000000 -33057.851240
382 0.000000 -33057.851240
383 0.000000 -33057.851240
384 0.000000 -33057.851240
385 0.000000 -33057.851240
386 0.000000 -33057.851240
387 0.000000 -33057.851240
388 0.000000 -33057.851240
389 0.000000 -33057.851240
390 0.000000 -33057.851240
391 0.000000 -33057.851240
392 0.000000 -33057.851240
393 0.000000 -33057.851240
394 0.000000 -33057.851240
395 0.000000 -33057.851240
396 0.000000 -33057.851240
397 0.000000 -33057.851240
398 0.000000 -33057.851240
399 0.000000 -33057.851240
400 0.000000 -33057.851240
401 0.000000 -33057.851240
402 0.000000 -33057.851240
403 0.000000 -33057.851240
404 0.000000 -33057.851240
405 0.000000 -33057.851240
406 0.000000 -33057.851240
407 0.000000 -33057.851240
408 0.000000 -33057.851240
409 0.000000 -33057.851240
410 0.000000 -33057.851240
411 0.000000 -33057.851240
412 0.000000 -33057.851240
413 0.000000 -33057.851240
414 0.000000 -33057.851240
415 0.000000 -33057.851240
416 0.000000 -33057.851240
417 0.000000 -33057.851240
418 0.000000 -33057.851240
419 0.000000 -33057.851240
420 0.000000 -33057.851240
421 0.000000 -33057.851240
422 0.000000 -33057.851240
423 0.000000 -33057.851240
424 0.000000 -33057.851240
425 0.000000 -33057.851240
426 0.000000 -33057.851240
427 0.000000 -33057.851240
428 0.000000 -33057.851240
429 0.000000 -33057.851240
430 0.000000 -33057.851240
431 0.000000 -33057.851240
432 0.000000 -33057.851240
433 0.000000 -33057.851240
434 0.000000 -33057.851240
435 0.000000 -33057.851240
436 0.000000 -33057.851240
437 0.000000 -33057.851240
438 0.000000 -33057.851240
