0 3 0 533 221 1098
1 3 0 469 206 1037
2 3 0 206 408 1037
3 3 0 789 230 553
4 3 0 877 475 501
5 3 0 279 475 877
6 3 0 1098 221 366
7 3 0 384 789 553
8 3 0 382 517 852
9 3 0 852 517 141
10 3 0 885 498 445
11 3 0 256 885 445
12 3 0 956 662 365
13 3 0 522 390 1074
14 3 0 390 124 1074
15 3 0 142 956 365
16 3 0 174 521 853
17 3 0 405 867 581
18 3 0 521 968 853
19 3 0 990 519 145
20 3 0 333 732 486
21 3 0 301 597 527
22 3 0 163 527 597
23 3 0 289 472 624
24 3 0 196 624 472
25 3 0 199 486 732
26 3 0 271 402 479
27 3 0 145 394 462
28 3 0 404 557 814
29 3 0 814 557 183
30 3 0 127 756 693
31 3 0 210 806 739
32 3 0 859 553 124
33 3 0 190 392 917
34 3 0 239 352 577
35 3 0 22 855 464
36 3 0 127 432 756
37 3 0 257 639 426
38 3 0 421 519 990
39 3 0 295 883 368
40 3 0 262 523 449
41 3 0 226 449 523
42 3 0 309 675 387
43 3 0 321 532 739
44 3 0 384 553 859
45 3 0 867 131 581
46 3 0 404 814 775
47 3 0 231 350 592
48 3 0 189 897 570
49 3 0 201 513 365
50 3 0 228 844 377
51 3 0 285 354 781
52 3 0 178 381 695
53 3 0 373 602 795
54 3 0 90 91 412
55 3 0 217 502 481
56 3 0 252 481 502
57 3 0 235 438 961
58 3 0 295 368 818
59 3 0 221 875 366
60 3 0 235 961 485
61 3 0 143 1012 418
62 3 0 392 421 917
63 3 0 207 476 674
64 3 0 21 22 464
65 3 0 169 843 387
66 3 0 309 387 843
67 3 0 231 720 350
68 3 0 538 203 1032
69 3 0 795 602 213
70 3 0 239 626 352
71 3 0 254 495 496
72 3 0 211 496 495
73 3 0 124 553 359
74 3 0 214 478 658
75 3 0 418 1012 920
76 3 0 181 870 353
77 3 0 181 353 607
78 3 0 285 694 354
79 3 0 214 658 487
80 3 0 400 712 770
81 3 0 63 718 435
82 3 0 437 538 1032
83 3 0 142 567 595
84 3 0 142 365 567
85 3 0 225 567 365
86 3 0 210 439 806
87 3 0 213 463 642
88 3 0 137 395 617
89 3 0 35 36 1037
90 3 0 190 485 392
91 3 0 139 688 406
92 3 0 233 425 614
93 3 0 252 410 588
94 3 0 152 588 410
95 3 0 239 887 372
96 3 0 124 359 568
97 3 0 250 599 354
98 3 0 250 354 749
99 3 0 126 396 767
100 3 0 293 767 396
101 3 0 26 27 428
102 3 0 12 13 548
103 3 0 321 769 532
104 3 0 207 674 1016
105 3 0 198 644 401
106 3 0 132 404 775
107 3 0 356 610 684
108 3 0 4 82 442
109 3 0 716 495 881
110 3 0 236 474 541
111 3 0 255 541 474
112 3 0 776 154 563
113 3 0 370 776 563
114 3 0 891 60 61
115 3 0 45 46 890
116 3 0 374 820 705
117 3 0 241 379 601
118 3 0 152 410 790
119 3 0 256 684 610
120 3 0 55 425 600
121 3 0 495 133 881
122 3 0 228 377 858
123 3 0 148 530 676
124 3 0 196 650 362
125 3 0 156 738 511
126 3 0 210 531 439
127 3 0 247 385 615
128 3 0 177 615 385
129 3 0 820 16 705
130 3 0 175 358 602
131 3 0 225 549 369
132 3 0 271 714 402
133 3 0 175 665 358
134 3 0 498 911 1012
135 3 0 865 357 254
136 3 0 758 1015 280
137 3 0 98 635 372
138 3 0 357 623 254
139 3 0 202 396 552
140 3 0 148 676 609
141 3 0 511 738 1057
142 3 0 275 375 742
143 3 0 216 730 419
144 3 0 139 502 678
145 3 0 232 403 566
146 3 0 12 548 681
147 3 0 139 678 510
148 3 0 290 775 814
149 3 0 210 739 532
150 3 0 189 570 659
151 3 0 342 768 503
152 3 0 204 503 768
153 3 0 121 526 682
154 3 0 147 664 523
155 3 0 268 712 400
156 3 0 426 639 853
157 3 0 150 513 654
158 3 0 492 60 891
159 3 0 890 46 491
160 3 0 331 800 580
161 3 0 391 940 905
162 3 0 58 477 555
163 3 0 103 413 895
164 3 0 184 382 536
165 3 0 202 416 493
166 3 0 47 476 723
167 3 0 59 724 477
168 3 0 126 552 396
169 3 0 343 663 982
170 3 0 215 911 498
171 3 0 343 582 663
172 3 0 217 884 460
173 3 0 185 388 863
174 3 0 63 64 718
175 3 0 121 682 704
176 3 0 131 869 581
177 3 0 513 1042 654
178 3 0 283 747 382
179 3 0 1091 840 207
180 3 0 82 811 442
181 3 0 196 745 650
182 3 0 496 872 933
183 3 0 393 722 938
184 3 0 196 362 624
185 3 0 47 48 476
186 3 0 58 59 477
187 3 0 83 84 452
188 3 0 252 1053 410
189 3 0 233 364 745
190 3 0 380 581 869
191 3 0 392 1040 421
192 3 0 147 608 664
193 3 0 200 963 420
194 3 0 242 560 371
195 3 0 227 977 434
196 3 0 364 650 745
197 3 0 146 391 534
198 3 0 216 452 730
199 3 0 1037 36 469
200 3 0 215 746 442
201 3 0 501 768 847
202 3 0 285 595 567
203 3 0 217 926 884
204 3 0 153 455 591
205 3 0 273 591 455
206 3 0 120 482 465
207 3 0 368 883 630
208 3 0 215 444 746
209 3 0 223 384 859
210 3 0 324 901 518
211 3 0 324 870 901
212 3 0 213 642 795
213 3 0 233 921 364
214 3 0 211 872 496
215 3 0 146 709 391
216 3 0 269 391 709
217 3 0 315 454 849
218 3 0 38 376 744
219 3 0 268 400 522
220 3 0 185 544 393
221 3 0 27 714 428
222 3 0 297 512 442
223 3 0 215 442 512
224 3 0 229 940 680
225 3 0 65 449 718
226 3 0 127 489 574
227 3 0 229 539 940
228 3 0 1015 440 280
229 3 0 228 535 844
230 3 0 91 824 412
231 3 0 249 370 574
232 3 0 185 850 388
233 3 0 201 365 662
234 3 0 225 365 798
235 3 0 177 385 672
236 3 0 265 938 722
237 3 0 227 499 977
238 3 0 102 103 895
239 3 0 239 372 1018
240 3 0 194 905 940
241 3 0 11 681 426
242 3 0 204 768 501
243 3 0 225 369 594
244 3 0 185 863 899
245 3 0 208 555 477
246 3 0 200 1087 963
247 3 0 188 433 579
248 3 0 249 579 433
249 3 0 195 428 628
250 3 0 271 628 428
251 3 0 410 628 790
252 3 0 410 1053 550
253 3 0 345 570 897
254 3 0 146 570 709
255 3 0 345 709 570
256 3 0 489 985 574
257 3 0 124 390 859
258 3 0 151 770 712
259 3 0 241 601 399
260 3 0 319 464 855
261 3 0 232 545 403
262 3 0 233 389 600
263 3 0 233 614 556
264 3 0 245 417 619
265 3 0 238 604 374
266 3 0 247 636 385
267 3 0 153 385 636
268 3 0 184 941 413
269 3 0 335 413 941
270 3 0 170 668 856
271 3 0 148 541 504
272 3 0 255 504 541
273 3 0 238 374 705
274 3 0 316 417 702
275 3 0 137 532 769
276 3 0 260 465 482
277 3 0 277 490 514
278 3 0 255 505 504
279 3 0 222 504 505
280 3 0 83 452 811
281 3 0 283 382 783
282 3 0 184 783 382
283 3 0 143 445 498
284 3 0 244 754 461
285 3 0 205 432 508
286 3 0 875 764 176
287 3 0 456 840 1091
288 3 0 251 387 675
289 3 0 135 650 788
290 3 0 421 1040 519
291 3 0 391 905 534
292 3 0 221 1057 875
293 3 0 123 392 961
294 3 0 178 627 381
295 3 0 139 406 550
296 3 0 398 764 875
297 3 0 509 788 946
298 3 0 138 483 493
299 3 0 234 700 381
300 3 0 309 869 675
301 3 0 67 415 690
302 3 0 194 539 418
303 3 0 139 993 688
304 3 0 198 401 902
305 3 0 136 984 447
306 3 0 360 447 984
307 3 0 242 371 812
308 3 0 135 788 509
309 3 0 169 387 592
310 3 0 230 580 800
311 3 0 57 58 555
312 3 0 156 520 697
313 3 0 249 776 370
314 3 0 125 749 594
315 3 0 155 772 508
316 3 0 197 471 560
317 3 0 284 764 398
318 3 0 233 745 389
319 3 0 229 528 430
320 3 0 126 430 528
321 3 0 149 448 642
322 3 0 381 996 695
323 3 0 208 841 457
324 3 0 375 713 274
325 3 0 204 475 831
326 3 0 98 372 887
327 3 0 234 381 627
328 3 0 364 788 650
329 3 0 231 519 1040
330 3 0 354 594 749
331 3 0 128 524 816
332 3 0 330 759 525
333 3 0 275 728 375
334 3 0 239 536 473
335 3 0 241 656 379
336 3 0 239 577 887
337 3 0 54 55 600
338 3 0 244 516 754
339 3 0 263 493 483
340 3 0 64 65 718
341 3 0 331 580 880
342 3 0 75 546 691
343 3 0 309 427 826
344 3 0 178 826 427
345 3 0 204 501 475
346 3 0 125 849 454
347 3 0 227 434 890
348 3 0 226 891 435
349 3 0 1067 375 274
350 3 0 208 734 555
351 3 0 524 889 816
352 3 0 75 76 546
353 3 0 304 467 822
354 3 0 25 377 844
355 3 0 38 752 376
356 3 0 25 753 377
357 3 0 242 459 560
358 3 0 197 560 459
359 3 0 315 905 454
360 3 0 275 506 520
361 3 0 508 772 736
362 3 0 244 419 979
363 3 0 280 586 548
364 3 0 257 548 586
365 3 0 251 692 387
366 3 0 120 996 381
367 3 0 34 408 619
368 3 0 120 381 700
369 3 0 378 899 863
370 3 0 17 18 559
371 3 0 561 848 968
372 3 0 216 461 595
373 3 0 395 794 617
374 3 0 794 206 617
375 3 0 243 464 653
376 3 0 52 472 836
377 3 0 223 842 384
378 3 0 105 698 458
379 3 0 153 1031 385
380 3 0 182 394 605
381 3 0 310 412 824
382 3 0 402 714 1047
383 3 0 141 930 473
384 3 0 349 473 930
385 3 0 245 702 417
386 3 0 190 945 999
387 3 0 308 525 759
388 3 0 156 697 738
389 3 0 241 399 646
390 3 0 240 470 611
391 3 0 297 442 811
392 3 0 475 775 831
393 3 0 393 544 722
394 3 0 274 511 526
395 3 0 19 540 804
396 3 0 278 468 563
397 3 0 145 462 582
398 3 0 248 582 462
399 3 0 235 1080 438
400 3 0 187 656 641
401 3 0 348 641 656
402 3 0 293 396 987
403 3 0 314 914 399
404 3 0 244 966 419
405 3 0 236 541 456
406 3 0 148 456 541
407 3 0 143 418 957
408 3 0 333 543 565
409 3 0 223 859 980
410 3 0 183 455 814
411 3 0 182 721 394
412 3 0 150 1084 683
413 3 0 212 514 490
414 3 0 271 428 714
415 3 0 286 723 476
416 3 0 287 477 724
417 3 0 248 708 407
418 3 0 148 504 660
419 3 0 411 936 593
420 3 0 273 546 591
421 3 0 259 591 546
422 3 0 179 593 936
423 3 0 115 116 494
424 3 0 137 769 395
425 3 0 19 20 540
426 3 0 272 542 777
427 3 0 390 1082 1049
428 3 0 132 771 404
429 3 0 145 955 394
430 3 0 197 590 616
431 3 0 150 798 513
432 3 0 376 632 744
433 3 0 296 744 632
434 3 0 303 616 590
435 3 0 236 1091 450
436 3 0 208 1092 451
437 3 0 390 522 1082
438 3 0 199 484 809
439 3 0 235 463 1080
440 3 0 123 720 392
441 3 0 269 680 391
442 3 0 198 1083 644
443 3 0 39 40 497
444 3 0 199 809 486
445 3 0 226 664 492
446 3 0 287 492 664
447 3 0 227 890 491
448 3 0 226 492 891
449 3 0 185 393 667
450 3 0 209 479 1093
451 3 0 402 1093 479
452 3 0 248 407 663
453 3 0 200 420 578
454 3 0 236 456 1091
455 3 0 208 457 1092
456 3 0 140 478 1045
457 3 0 378 1045 478
458 3 0 94 893 407
459 3 0 142 595 461
460 3 0 148 660 530
461 3 0 188 579 446
462 3 0 312 828 661
463 3 0 186 604 409
464 3 0 338 712 687
465 3 0 457 841 608
466 3 0 456 609 840
467 3 0 214 544 478
468 3 0 216 595 507
469 3 0 202 737 396
470 3 0 160 451 717
471 3 0 375 531 742
472 3 0 235 576 463
473 3 0 167 809 484
474 3 0 448 1030 642
475 3 0 150 549 798
476 3 0 11 12 681
477 3 0 137 617 837
478 3 0 218 520 506
479 3 0 77 78 515
480 3 0 346 1012 911
481 3 0 297 811 452
482 3 0 286 676 491
483 3 0 227 491 676
484 3 0 126 528 552
485 3 0 226 435 718
486 3 0 237 693 717
487 3 0 245 619 408
488 3 0 314 399 751
489 3 0 127 574 466
490 3 0 304 673 467
491 3 0 141 517 861
492 3 0 542 655 777
493 3 0 557 1052 983
494 3 0 209 799 479
495 3 0 236 450 670
496 3 0 249 574 985
497 3 0 51 52 836
498 3 0 221 526 511
499 3 0 63 435 1005
500 3 0 322 739 806
501 3 0 382 747 517
502 3 0 956 754 516
503 3 0 190 999 485
504 3 0 166 822 467
505 3 0 368 630 740
506 3 0 272 740 630
507 3 0 645 1002 266
508 3 0 150 683 549
509 3 0 195 410 1056
510 3 0 423 1058 551
511 3 0 284 398 738
512 3 0 161 551 1058
513 3 0 195 628 410
514 3 0 183 779 455
515 3 0 262 449 931
516 3 0 172 583 575
517 3 0 277 575 583
518 3 0 183 557 983
519 3 0 313 956 516
520 3 0 335 895 413
521 3 0 224 561 968
522 3 0 357 480 623
523 3 0 245 408 794
524 3 0 226 718 449
525 3 0 122 735 429
526 3 0 414 963 1087
527 3 0 357 1001 480
528 3 0 186 409 640
529 3 0 1002 578 266
530 3 0 232 813 545
531 3 0 250 920 725
532 3 0 17 559 705
533 3 0 234 818 700
534 3 0 44 890 1004
535 3 0 62 1005 891
536 3 0 252 631 481
537 3 0 162 632 505
538 3 0 164 422 967
539 3 0 282 1068 441
540 3 0 260 638 465
541 3 0 200 465 638
542 3 0 316 702 967
543 3 0 34 1037 408
544 3 0 178 427 627
545 3 0 233 600 425
546 3 0 313 906 405
547 3 0 135 441 613
548 3 0 246 613 441
549 3 0 434 1004 890
550 3 0 435 891 1005
551 3 0 313 405 782
552 3 0 310 1066 412
553 3 0 50 51 699
554 3 0 206 794 408
555 3 0 244 979 584
556 3 0 138 493 962
557 3 0 467 1054 646
558 3 0 94 407 708
559 3 0 193 480 1001
560 3 0 216 419 966
561 3 0 133 623 480
562 3 0 243 653 571
563 3 0 74 436 948
564 3 0 256 445 684
565 3 0 236 670 793
566 3 0 237 489 693
567 3 0 392 485 961
568 3 0 90 412 689
569 3 0 194 454 905
570 3 0 243 731 464
571 3 0 228 858 688
572 3 0 420 683 1084
573 3 0 149 463 576
574 3 0 213 1080 463
575 3 0 439 531 711
576 3 0 294 614 425
577 3 0 1054 241 646
578 3 0 7 922 587
579 3 0 41 42 499
580 3 0 163 629 527
581 3 0 116 907 494
582 3 0 239 1018 536
583 3 0 220 1071 981
584 3 0 406 688 858
585 3 0 256 1008 444
586 3 0 220 543 1071
587 3 0 103 648 413
588 3 0 128 474 793
589 3 0 117 118 518
590 3 0 67 912 415
591 3 0 317 573 611
592 3 0 339 637 460
593 3 0 195 1056 858
594 3 0 78 1024 515
595 3 0 1070 212 666
596 3 0 274 526 669
597 3 0 40 808 497
598 3 0 51 836 699
599 3 0 416 962 493
600 3 0 105 106 698
601 3 0 487 658 992
602 3 0 195 858 994
603 3 0 268 687 712
604 3 0 101 895 835
605 3 0 545 813 701
606 3 0 266 578 654
607 3 0 194 418 919
608 3 0 992 658 334
609 3 0 292 822 766
610 3 0 237 1092 829
611 3 0 167 933 809
612 3 0 327 873 486
613 3 0 129 486 873
614 3 0 170 856 622
615 3 0 341 853 968
616 3 0 209 537 757
617 3 0 316 757 537
618 3 0 264 554 571
619 3 0 269 552 528
620 3 0 386 999 945
621 3 0 250 725 599
622 3 0 138 471 618
623 3 0 253 618 471
624 3 0 483 1070 666
625 3 0 470 786 611
626 3 0 368 700 818
627 3 0 242 812 429
628 3 0 354 599 781
629 3 0 292 633 822
630 3 0 184 413 783
631 3 0 16 17 705
632 3 0 246 441 651
633 3 0 585 871 942
634 3 0 158 725 512
635 3 0 129 873 1094
636 3 0 175 880 580
637 3 0 1054 673 348
638 3 0 109 424 743
639 3 0 333 565 951
640 3 0 294 555 734
641 3 0 290 814 455
642 3 0 307 804 540
643 3 0 202 1033 416
644 3 0 98 99 635
645 3 0 336 453 991
646 3 0 192 991 453
647 3 0 321 558 769
648 3 0 467 673 1054
649 3 0 66 67 690
650 3 0 267 743 424
651 3 0 323 861 517
652 3 0 267 448 703
653 3 0 149 703 448
654 3 0 292 766 437
655 3 0 161 542 630
656 3 0 272 630 542
657 3 0 109 915 424
658 3 0 265 500 832
659 3 0 282 774 1068
660 3 0 85 419 730
661 3 0 163 685 554
662 3 0 85 979 419
663 3 0 316 729 417
664 3 0 398 875 1057
665 3 0 306 617 529
666 3 0 206 529 617
667 3 0 195 994 428
668 3 0 247 430 696
669 3 0 457 829 1092
670 3 0 147 457 608
671 3 0 148 609 456
672 3 0 160 717 1025
673 3 0 74 691 436
674 3 0 383 1010 805
675 3 0 294 425 975
676 3 0 216 652 452
677 3 0 6 7 587
678 3 0 132 475 706
679 3 0 279 706 475
680 3 0 261 603 525
681 3 0 130 525 603
682 3 0 127 916 432
683 3 0 192 747 458
684 3 0 283 458 747
685 3 0 220 565 543
686 3 0 11 426 830
687 3 0 192 821 517
688 3 0 323 517 821
689 3 0 158 894 507
690 3 0 385 1031 672
691 3 0 159 450 621
692 3 0 281 443 640
693 3 0 186 640 443
694 3 0 479 799 643
695 3 0 265 659 570
696 3 0 216 966 461
697 3 0 323 821 576
698 3 0 415 815 690
699 3 0 262 690 815
700 3 0 292 437 851
701 3 0 245 558 702
702 3 0 257 426 681
703 3 0 191 468 947
704 3 0 328 947 468
705 3 0 322 603 1043
706 3 0 175 470 665
707 3 0 322 1043 807
708 3 0 164 807 422
709 3 0 189 659 429
710 3 0 249 433 776
711 3 0 339 460 1006
712 3 0 122 1006 460
713 3 0 319 653 464
714 3 0 260 817 638
715 3 0 383 638 817
716 3 0 23 24 535
717 3 0 271 479 790
718 3 0 151 443 770
719 3 0 281 770 443
720 3 0 168 459 726
721 3 0 121 669 526
722 3 0 224 1097 607
723 3 0 394 721 462
724 3 0 151 995 443
725 3 0 409 881 755
726 3 0 273 691 546
727 3 0 197 616 471
728 3 0 409 823 881
729 3 0 390 980 859
730 3 0 311 856 668
731 3 0 317 871 427
732 3 0 253 471 616
733 3 0 325 494 907
734 3 0 267 424 784
735 3 0 326 654 1042
736 3 0 37 38 744
737 3 0 356 515 1024
738 3 0 288 642 1030
739 3 0 243 540 731
740 3 0 55 975 425
741 3 0 296 879 469
742 3 0 280 440 787
743 3 0 92 93 562
744 3 0 309 843 427
745 3 0 447 607 1097
746 3 0 272 777 482
747 3 0 126 696 430
748 3 0 234 871 585
749 3 0 298 497 808
750 3 0 120 740 482
751 3 0 252 588 631
752 3 0 101 102 895
753 3 0 296 469 819
754 3 0 222 660 504
755 3 0 247 886 430
756 3 0 273 436 691
757 3 0 262 931 690
758 3 0 353 587 922
759 3 0 277 514 896
760 3 0 229 430 839
761 3 0 162 661 828
762 3 0 317 427 910
763 3 0 243 571 554
764 3 0 576 821 1090
765 3 0 270 727 928
766 3 0 589 838 892
767 3 0 143 934 445
768 3 0 327 933 872
769 3 0 189 429 812
770 3 0 379 1029 601
771 3 0 263 483 666
772 3 0 242 429 735
773 3 0 26 428 753
774 3 0 133 755 881
775 3 0 155 508 686
776 3 0 403 1064 566
777 3 0 194 919 454
778 3 0 297 452 652
779 3 0 122 429 832
780 3 0 149 642 463
781 3 0 159 670 450
782 3 0 239 473 626
783 3 0 446 579 971
784 3 0 578 1084 654
785 3 0 128 793 888
786 3 0 319 855 535
787 3 0 285 507 595
788 3 0 250 749 454
789 3 0 244 825 516
790 3 0 215 885 444
791 3 0 214 487 976
792 3 0 339 976 487
793 3 0 205 756 432
794 3 0 188 760 433
795 3 0 154 433 761
796 3 0 191 1035 468
797 3 0 154 776 433
798 3 0 299 838 589
799 3 0 120 465 645
800 3 0 138 618 483
801 3 0 275 520 728
802 3 0 558 1050 769
803 3 0 229 596 539
804 3 0 301 881 823
805 3 0 342 503 1055
806 3 0 133 495 623
807 3 0 254 623 495
808 3 0 321 780 558
809 3 0 164 558 780
810 3 0 273 779 436
811 3 0 165 572 791
812 3 0 329 791 572
813 3 0 135 882 441
814 3 0 160 978 451
815 3 0 81 746 444
816 3 0 81 444 1008
817 3 0 166 467 646
818 3 0 333 486 1017
819 3 0 196 472 1046
820 3 0 466 943 845
821 3 0 65 931 449
822 3 0 48 674 476
823 3 0 417 1021 619
824 3 0 298 808 499
825 3 0 240 665 470
826 3 0 256 444 885
827 3 0 8 9 561
828 3 0 202 552 710
829 3 0 375 1067 531
830 3 0 170 531 1067
831 3 0 89 689 634
832 3 0 157 490 715
833 3 0 277 715 490
834 3 0 218 697 520
835 3 0 238 705 559
836 3 0 276 760 488
837 3 0 318 693 756
838 3 0 218 524 697
839 3 0 943 191 845
840 3 0 290 455 748
841 3 0 153 748 455
842 3 0 318 717 693
843 3 0 397 928 727
844 3 0 401 864 851
845 3 0 0 5 785
846 3 0 0 785 119
847 3 0 244 461 966
848 3 0 4 442 746
849 3 0 361 651 764
850 3 0 176 764 651
851 3 0 278 563 701
852 3 0 293 847 768
853 3 0 168 481 631
854 3 0 332 793 670
855 3 0 117 518 907
856 3 0 251 675 569
857 3 0 341 968 848
858 3 0 360 972 447
859 3 0 437 984 851
860 3 0 282 441 882
861 3 0 248 562 708
862 3 0 71 72 566
863 3 0 188 446 815
864 3 0 105 458 874
865 3 0 197 459 950
866 3 0 44 45 890
867 3 0 61 62 891
868 3 0 216 507 652
869 3 0 152 479 643
870 3 0 198 902 564
871 3 0 344 564 902
872 3 0 186 443 787
873 3 0 273 455 779
874 3 0 338 687 564
875 3 0 135 613 650
876 3 0 351 971 579
877 3 0 336 986 453
878 3 0 253 625 618
879 3 0 211 495 716
880 3 0 256 610 1008
881 3 0 140 805 1010
882 3 0 283 874 458
883 3 0 267 784 448
884 3 0 129 1094 679
885 3 0 192 458 991
886 3 0 319 535 949
887 3 0 231 1040 720
888 3 0 187 1030 448
889 3 0 136 447 802
890 3 0 976 722 214
891 3 0 250 454 919
892 3 0 500 722 976
893 3 0 187 448 784
894 3 0 33 34 619
895 3 0 258 916 466
896 3 0 317 611 942
897 3 0 208 451 734
898 3 0 353 870 587
899 3 0 168 1013 459
900 3 0 84 730 452
901 3 0 507 894 652
902 3 0 230 593 553
903 3 0 160 556 614
904 3 0 248 462 939
905 3 0 140 658 478
906 3 0 281 755 480
907 3 0 133 480 755
908 3 0 300 605 569
909 3 0 272 482 740
910 3 0 73 74 948
911 3 0 527 629 970
912 3 0 209 757 799
913 3 0 422 799 757
914 3 0 279 877 583
915 3 0 302 946 788
916 3 0 265 832 659
917 3 0 115 494 647
918 3 0 139 1053 502
919 3 0 163 554 629
920 3 0 264 629 554
921 3 0 254 496 655
922 3 0 251 519 692
923 3 0 180 982 663
924 3 0 471 833 560
925 3 0 192 453 821
926 3 0 410 550 1056
927 3 0 242 726 459
928 3 0 122 884 735
929 3 0 125 454 749
930 3 0 153 636 503
931 3 0 568 1083 687
932 3 0 325 907 518
933 3 0 206 469 879
934 3 0 229 680 528
935 3 0 41 499 808
936 3 0 269 528 680
937 3 0 136 851 984
938 3 0 240 573 1086
939 3 0 268 568 687
940 3 0 92 562 824
941 3 0 163 932 685
942 3 0 21 464 731
943 3 0 356 1099 515
944 3 0 167 484 677
945 3 0 260 677 484
946 3 0 217 678 502
947 3 0 199 797 817
948 3 0 233 556 921
949 3 0 162 505 661
950 3 0 122 460 884
951 3 0 96 97 577
952 3 0 142 461 754
953 3 0 127 466 916
954 3 0 352 626 898
955 3 0 151 712 750
956 3 0 253 616 622
957 3 0 303 622 616
958 3 0 292 851 864
959 3 0 145 519 955
960 3 0 147 829 457
961 3 0 347 1016 674
962 3 0 217 460 857
963 3 0 369 549 683
964 3 0 512 725 911
965 3 0 200 1002 465
966 3 0 211 716 527
967 3 0 1072 953 340
968 3 0 260 482 677
969 3 0 167 655 496
970 3 0 94 95 893
971 3 0 237 829 1073
972 3 0 86 87 584
973 3 0 344 802 521
974 3 0 235 862 576
975 3 0 237 1073 489
976 3 0 212 490 666
977 3 0 413 648 783
978 3 0 221 682 526
979 3 0 406 858 1056
980 3 0 399 601 1088
981 3 0 437 766 538
982 3 0 171 951 565
983 3 0 505 632 909
984 3 0 283 783 648
985 3 0 307 540 685
986 3 0 243 685 540
987 3 0 398 1057 738
988 3 0 439 711 903
989 3 0 303 903 711
990 3 0 156 511 713
991 3 0 274 713 511
992 3 0 573 965 1086
993 3 0 369 683 923
994 3 0 584 953 1072
995 3 0 202 493 737
996 3 0 277 896 575
997 3 0 162 828 529
998 3 0 306 529 828
999 3 0 258 466 845
1000 3 0 276 488 1023
1001 3 0 43 1004 977
1002 3 0 205 508 736
1003 3 0 221 533 682
1004 3 0 88 89 634
1005 3 0 205 736 509
1006 3 0 399 914 646
1007 3 0 278 771 468
1008 3 0 450 1091 1016
1009 3 0 328 468 908
1010 3 0 445 827 684
1011 3 0 503 636 1055
1012 3 0 315 667 534
1013 3 0 255 661 505
1014 3 0 156 728 520
1015 3 0 423 551 980
1016 3 0 213 602 1077
1017 3 0 326 695 654
1018 3 0 266 654 695
1019 3 0 191 947 845
1020 3 0 404 771 1075
1021 3 0 422 757 967
1022 3 0 293 987 606
1023 3 0 3 835 100
1024 3 0 3 101 835
1025 3 0 462 721 939
1026 3 0 310 939 721
1027 3 0 223 980 551
1028 3 0 36 819 469
1029 3 0 299 634 689
1030 3 0 259 672 1031
1031 3 0 154 701 563
1032 3 0 215 498 885
1033 3 0 298 499 900
1034 3 0 175 989 470
1035 3 0 349 952 473
1036 3 0 127 693 489
1037 3 0 139 550 1053
1038 3 0 240 611 573
1039 3 0 254 542 865
1040 3 0 174 853 639
1041 3 0 199 817 484
1042 3 0 310 824 562
1043 3 0 138 833 471
1044 3 0 203 494 959
1045 3 0 325 959 494
1046 3 0 52 792 472
1047 3 0 141 473 852
1048 3 0 254 655 542
1049 3 0 727 1098 155
1050 3 0 473 536 852
1051 3 0 383 817 797
1052 3 0 13 758 548
1053 3 0 287 724 492
1054 3 0 60 492 724
1055 3 0 46 723 491
1056 3 0 286 491 723
1057 3 0 147 1009 971
1058 3 0 289 836 472
1059 3 0 468 1035 563
1060 3 0 360 1032 959
1061 3 0 193 803 480
1062 3 0 281 480 803
1063 3 0 533 1098 727
1064 3 0 583 877 715
1065 3 0 259 719 515
1066 3 0 107 108 598
1067 3 0 68 1023 488
1068 3 0 259 515 672
1069 3 0 236 793 474
1070 3 0 225 694 567
1071 3 0 285 567 694
1072 3 0 170 711 531
1073 3 0 144 611 786
1074 3 0 23 535 855
1075 3 0 132 775 475
1076 3 0 320 510 678
1077 3 0 312 671 828
1078 3 0 346 725 920
1079 3 0 128 816 474
1080 3 0 330 525 1019
1081 3 0 255 474 974
1082 3 0 129 1017 486
1083 3 0 223 547 842
1084 3 0 266 695 996
1085 3 0 207 840 476
1086 3 0 286 476 840
1087 3 0 287 841 477
1088 3 0 208 477 841
1089 3 0 360 959 733
1090 3 0 226 523 664
1091 3 0 180 898 626
1092 3 0 378 478 899
1093 3 0 152 790 479
1094 3 0 298 530 660
1095 3 0 228 688 572
1096 3 0 111 112 601
1097 3 0 154 761 545
1098 3 0 235 485 999
1099 3 0 257 681 548
1100 3 0 431 845 947
1101 3 0 314 878 538
1102 3 0 460 637 857
1103 3 0 346 920 1012
1104 3 0 355 1052 566
1105 3 0 339 487 1003
1106 3 0 258 988 916
1107 3 0 198 687 1083
1108 3 0 306 837 617
1109 3 0 288 641 796
1110 3 0 203 538 878
1111 3 0 153 591 1031
1112 3 0 285 781 507
1113 3 0 158 507 781
1114 3 0 244 1072 825
1115 3 0 338 750 712
1116 3 0 203 878 494
1117 3 0 223 763 547
1118 3 0 173 906 516
1119 3 0 313 516 906
1120 3 0 227 676 530
1121 3 0 265 722 500
1122 3 0 263 737 493
1123 3 0 225 798 549
1124 3 0 377 994 858
1125 3 0 217 481 926
1126 3 0 79 80 610
1127 3 0 264 810 679
1128 3 0 363 679 810
1129 3 0 223 551 763
1130 3 0 168 1022 481
1131 3 0 269 710 552
1132 3 0 231 692 519
1133 3 0 323 576 862
1134 3 0 151 586 995
1135 3 0 270 682 533
1136 3 0 308 631 588
1137 3 0 252 502 1053
1138 3 0 125 594 1059
1139 3 0 39 497 752
1140 3 0 355 983 1052
1141 3 0 284 697 524
1142 3 0 147 523 1009
1143 3 0 482 777 677
1144 3 0 259 546 719
1145 3 0 219 923 683
1146 3 0 260 484 817
1147 3 0 143 498 1012
1148 3 0 144 786 547
1149 3 0 291 547 786
1150 3 0 327 486 809
1151 3 0 128 765 524
1152 3 0 284 524 765
1153 3 0 374 604 1061
1154 3 0 367 1094 873
1155 3 0 412 838 689
1156 3 0 400 770 803
1157 3 0 281 803 770
1158 3 0 575 896 704
1159 3 0 350 965 592
1160 3 0 165 791 810
1161 3 0 373 913 880
1162 3 0 420 963 683
1163 3 0 219 683 963
1164 3 0 77 515 719
1165 3 0 193 1049 1082
1166 3 0 153 503 748
1167 3 0 1052 813 232
1168 3 0 557 813 1052
1169 3 0 8 561 922
1170 3 0 466 574 943
1171 3 0 157 1014 490
1172 3 0 68 488 912
1173 3 0 76 719 546
1174 3 0 282 509 736
1175 3 0 446 971 1009
1176 3 0 204 831 503
1177 3 0 71 566 1064
1178 3 0 620 1079 1095
1179 3 0 359 553 1036
1180 3 0 434 977 1004
1181 3 0 356 1024 610
1182 3 0 42 977 499
1183 3 0 165 571 653
1184 3 0 1006 122 832
1185 3 0 450 1016 621
1186 3 0 232 566 1052
1187 3 0 500 1006 832
1188 3 0 30 537 918
1189 3 0 372 941 1018
1190 3 0 352 1044 577
1191 3 0 270 533 727
1192 3 0 34 35 1037
1193 3 0 515 1099 672
1194 3 0 174 1063 521
1195 3 0 344 521 1063
1196 3 0 221 511 1057
1197 3 0 275 1062 506
1198 3 0 228 949 535
1199 3 0 192 517 747
1200 3 0 167 496 933
1201 3 0 275 742 532
1202 3 0 210 532 742
1203 3 0 157 877 501
1204 3 0 159 1079 620
1205 3 0 154 545 701
1206 3 0 301 527 716
1207 3 0 317 942 871
1208 3 0 337 884 926
1209 3 0 243 554 685
1210 3 0 157 501 847
1211 3 0 48 49 674
1212 3 0 13 14 758
1213 3 0 298 1060 497
1214 3 0 222 505 909
1215 3 0 220 510 960
1216 3 0 320 960 510
1217 3 0 268 522 1074
1218 3 0 227 900 499
1219 3 0 372 635 941
1220 3 0 314 538 914
1221 3 0 392 720 1040
1222 3 0 173 741 589
1223 3 0 299 589 741
1224 3 0 264 571 810
1225 3 0 120 645 996
1226 3 0 30 927 537
1227 3 0 409 604 823
1228 3 0 130 1019 525
1229 3 0 36 37 819
1230 3 0 365 513 798
1231 3 0 400 1082 522
1232 3 0 198 564 687
1233 3 0 432 988 508
1234 3 0 131 569 675
1235 3 0 144 547 1020
1236 3 0 245 794 1050
1237 3 0 282 882 509
1238 3 0 166 914 538
1239 3 0 186 1061 604
1240 3 0 121 896 514
1241 3 0 74 75 691
1242 3 0 324 518 924
1243 3 0 118 924 518
1244 3 0 114 115 647
1245 3 0 210 742 531
1246 3 0 334 732 951
1247 3 0 248 663 582
1248 3 0 303 711 622
1249 3 0 170 622 711
1250 3 0 249 985 579
1251 3 0 351 579 985
1252 3 0 432 916 988
1253 3 0 218 506 1038
1254 3 0 123 944 612
1255 3 0 358 612 944
1256 3 0 10 830 848
1257 3 0 369 1059 594
1258 3 0 641 973 796
1259 3 0 214 722 544
1260 3 0 618 625 1070
1261 3 0 130 603 806
1262 3 0 322 806 603
1263 3 0 297 894 512
1264 3 0 158 512 894
1265 3 0 257 586 750
1266 3 0 263 1014 606
1267 3 0 407 898 663
1268 3 0 42 43 977
1269 3 0 205 509 946
1270 3 0 164 702 558
1271 3 0 359 644 1083
1272 3 0 20 731 540
1273 3 0 139 510 993
1274 3 0 299 689 838
1275 3 0 334 951 992
1276 3 0 173 516 825
1277 3 0 108 109 743
1278 3 0 270 704 682
1279 3 0 129 1071 543
1280 3 0 87 953 584
1281 3 0 151 750 586
1282 3 0 478 544 899
1283 3 0 135 509 882
1284 3 0 109 110 915
1285 3 0 440 1061 787
1286 3 0 207 1016 1091
1287 3 0 121 514 860
1288 3 0 212 969 514
1289 3 0 261 1028 643
1290 3 0 103 104 648
1291 3 0 220 929 510
1292 3 0 240 612 665
1293 3 0 329 572 688
1294 3 0 335 835 895
1295 3 0 215 512 911
1296 3 0 201 1042 513
1297 3 0 69 70 657
1298 3 0 275 532 1062
1299 3 0 355 566 1076
1300 3 0 368 740 700
1301 3 0 120 700 740
1302 3 0 267 598 743
1303 3 0 24 25 844
1304 3 0 302 556 854
1305 3 0 160 854 556
1306 3 0 363 810 791
1307 3 0 286 609 676
1308 3 0 129 543 1017
1309 3 0 333 1017 543
1310 3 0 93 708 562
1311 3 0 185 899 544
1312 3 0 131 675 869
1313 3 0 287 664 608
1314 3 0 166 538 766
1315 3 0 246 846 620
1316 3 0 332 620 846
1317 3 0 209 1093 537
1318 3 0 362 650 613
1319 3 0 553 593 1036
1320 3 0 325 518 901
1321 3 0 224 607 1048
1322 3 0 9 10 848
1323 3 0 261 525 1028
1324 3 0 383 805 638
1325 3 0 370 943 574
1326 3 0 409 755 640
1327 3 0 57 555 778
1328 3 0 312 816 889
1329 3 0 373 880 602
1330 3 0 126 767 696
1331 3 0 342 696 767
1332 3 0 173 589 762
1333 3 0 300 762 589
1334 3 0 146 938 570
1335 3 0 439 903 806
1336 3 0 130 806 903
1337 3 0 262 1009 523
1338 3 0 93 94 708
1339 3 0 10 11 830
1340 3 0 165 810 571
1341 3 0 137 1062 532
1342 3 0 97 98 887
1343 3 0 218 889 524
1344 3 0 405 762 867
1345 3 0 300 867 762
1346 3 0 426 853 830
1347 3 0 341 830 853
1348 3 0 251 955 519
1349 3 0 169 592 965
1350 3 0 280 548 758
1351 3 0 320 857 637
1352 3 0 354 694 594
1353 3 0 162 529 998
1354 3 0 288 795 642
1355 3 0 561 1048 922
1356 3 0 251 569 1078
1357 3 0 159 620 670
1358 3 0 85 86 979
1359 3 0 405 581 782
1360 3 0 263 666 1014
1361 3 0 112 1088 601
1362 3 0 270 575 704
1363 3 0 229 839 596
1364 3 0 358 665 612
1365 3 0 308 1028 525
1366 3 0 111 601 1029
1367 3 0 24 844 535
1368 3 0 383 797 1010
1369 3 0 569 605 1078
1370 3 0 172 707 583
1371 3 0 279 583 707
1372 3 0 295 763 551
1373 3 0 411 593 800
1374 3 0 340 634 741
1375 3 0 299 741 634
1376 3 0 308 759 631
1377 3 0 104 105 874
1378 3 0 274 668 1067
1379 3 0 389 935 600
1380 3 0 316 537 927
1381 3 0 387 692 592
1382 3 0 231 592 692
1383 3 0 643 1028 834
1384 3 0 488 760 1065
1385 3 0 403 545 1085
1386 3 0 206 879 529
1387 3 0 25 26 753
1388 3 0 343 990 582
1389 3 0 145 582 990
1390 3 0 38 39 752
1391 3 0 211 527 970
1392 3 0 146 534 1011
1393 3 0 382 852 536
1394 3 0 80 81 1008
1395 3 0 184 536 1018
1396 3 0 278 1075 771
1397 3 0 227 530 900
1398 3 0 298 900 530
1399 3 0 268 1074 568
1400 3 0 79 610 1024
1401 3 0 282 772 774
1402 3 0 366 774 772
1403 3 0 257 750 639
1404 3 0 76 77 719
1405 3 0 315 534 905
1406 3 0 37 744 819
1407 3 0 332 670 620
1408 3 0 225 594 694
1409 3 0 470 989 786
1410 3 0 291 786 989
1411 3 0 84 85 730
1412 3 0 294 778 555
1413 3 0 508 988 686
1414 3 0 291 580 789
1415 3 0 230 789 580
1416 3 0 358 1077 602
1417 3 0 89 90 689
1418 3 0 371 560 833
1419 3 0 277 583 715
1420 3 0 177 684 827
1421 3 0 168 631 759
1422 3 0 161 865 542
1423 3 0 282 736 772
1424 3 0 270 928 575
1425 3 0 337 735 884
1426 3 0 18 804 559
1427 3 0 276 1023 657
1428 3 0 181 901 870
1429 3 0 418 539 957
1430 3 0 380 773 581
1431 3 0 201 581 773
1432 3 0 194 940 539
1433 3 0 284 738 697
1434 3 0 308 588 834
1435 3 0 152 834 588
1436 3 0 291 842 547
1437 3 0 4 746 81
1438 3 0 314 751 647
1439 3 0 114 647 751
1440 3 0 238 559 904
1441 3 0 307 904 559
1442 3 0 222 1060 660
1443 3 0 96 577 1044
1444 3 0 399 1088 751
1445 3 0 305 827 934
1446 3 0 72 1076 566
1447 3 0 205 649 756
1448 3 0 318 756 649
1449 3 0 427 871 627
1450 3 0 29 30 918
1451 3 0 307 559 804
1452 3 0 68 69 1023
1453 3 0 401 644 864
1454 3 0 445 934 827
1455 3 0 367 970 629
1456 3 0 31 32 729
1457 3 0 169 573 910
1458 3 0 317 910 573
1459 3 0 328 706 707
1460 3 0 279 707 706
1461 3 0 274 669 668
1462 3 0 311 668 669
1463 3 0 345 710 709
1464 3 0 269 709 710
1465 3 0 32 1021 729
1466 3 0 305 596 839
1467 3 0 302 921 556
1468 3 0 290 831 775
1469 3 0 331 880 913
1470 3 0 447 972 607
1471 3 0 70 1064 657
1472 3 0 304 936 876
1473 3 0 337 726 735
1474 3 0 242 735 726
1475 3 0 294 975 778
1476 3 0 332 888 793
1477 3 0 451 978 734
1478 3 0 295 551 883
1479 3 0 161 883 551
1480 3 0 521 802 1097
1481 3 0 453 703 1090
1482 3 0 149 1090 703
1483 3 0 406 1056 550
1484 3 0 403 657 1064
1485 3 0 30 31 927
1486 3 0 9 848 561
1487 3 0 27 28 714
1488 3 0 310 562 939
1489 3 0 248 939 562
1490 3 0 361 764 765
1491 3 0 284 765 764
1492 3 0 380 868 773
1493 3 0 158 599 725
1494 3 0 261 799 1043
1495 3 0 131 867 569
1496 3 0 300 569 867
1497 3 0 497 1060 1096
1498 3 0 155 686 727
1499 3 0 397 727 686
1500 3 0 186 787 1061
1501 3 0 417 729 1021
1502 3 0 283 648 874
1503 3 0 108 743 598
1504 3 0 46 47 723
1505 3 0 59 60 724
1506 3 0 168 726 1022
1507 3 0 353 1048 607
1508 3 0 363 981 1071
1509 3 0 330 590 950
1510 3 0 197 950 590
1511 3 0 326 773 868
1512 3 0 146 1011 938
1513 3 0 20 21 731
1514 3 0 303 590 903
1515 3 0 56 57 778
1516 3 0 201 782 581
1517 3 0 245 1050 558
1518 3 0 55 56 975
1519 3 0 182 892 838
1520 3 0 150 654 1084
1521 3 0 404 1075 557
1522 3 0 246 651 846
1523 3 0 361 846 651
1524 3 0 234 585 818
1525 3 0 295 818 585
1526 3 0 506 1062 837
1527 3 0 137 837 1062
1528 3 0 238 597 823
1529 3 0 301 823 597
1530 3 0 230 800 593
1531 3 0 224 1048 561
1532 3 0 401 851 1000
1533 3 0 107 598 964
1534 3 0 336 964 598
1535 3 0 458 698 991
1536 3 0 349 982 952
1537 3 0 344 1063 564
1538 3 0 144 942 611
1539 3 0 370 563 1035
1540 3 0 113 114 751
1541 3 0 338 564 1041
1542 3 0 318 649 1025
1543 3 0 180 663 898
1544 3 0 411 876 936
1545 3 0 171 565 1007
1546 3 0 220 960 565
1547 3 0 305 615 827
1548 3 0 177 827 615
1549 3 0 237 717 1092
1550 3 0 451 1092 717
1551 3 0 261 643 799
1552 3 0 545 761 1085
1553 3 0 590 1019 903
1554 3 0 395 1050 794
1555 3 0 329 688 993
1556 3 0 276 657 1085
1557 3 0 403 1085 657
1558 3 0 391 680 940
1559 3 0 473 952 626
1560 3 0 311 969 625
1561 3 0 158 781 599
1562 3 0 336 598 986
1563 3 0 267 986 598
1564 3 0 288 796 795
1565 3 0 373 795 796
1566 3 0 1 1004 43
1567 3 0 1 44 1004
1568 3 0 2 63 1005
1569 3 0 2 1005 62
1570 3 0 359 1083 568
1571 3 0 494 878 647
1572 3 0 228 572 949
1573 3 0 265 570 938
1574 3 0 422 1043 799
1575 3 0 222 1096 1060
1576 3 0 124 568 1074
1577 3 0 453 986 703
1578 3 0 175 580 989
1579 3 0 258 1034 686
1580 3 0 397 686 1034
1581 3 0 18 19 804
1582 3 0 405 906 762
1583 3 0 97 887 577
1584 3 0 188 815 1065
1585 3 0 52 53 792
1586 3 0 349 801 982
1587 3 0 388 849 1059
1588 3 0 165 937 572
1589 3 0 379 656 1051
1590 3 0 187 1051 656
1591 3 0 341 848 830
1592 3 0 217 857 678
1593 3 0 33 619 1021
1594 3 0 305 886 615
1595 3 0 5 6 925
1596 3 0 118 119 924
1597 3 0 172 575 928
1598 3 0 338 639 750
1599 3 0 15 16 820
1600 3 0 638 805 1087
1601 3 0 40 41 808
1602 3 0 28 1047 714
1603 3 0 313 782 662
1604 3 0 201 662 782
1605 3 0 129 679 1071
1606 3 0 166 766 822
1607 3 0 295 585 1020
1608 3 0 319 937 653
1609 3 0 547 763 1020
1610 3 0 301 716 881
1611 3 0 187 641 1030
1612 3 0 169 965 573
1613 3 0 15 820 1015
1614 3 0 88 634 953
1615 3 0 340 953 634
1616 3 0 82 83 811
1617 3 0 324 587 870
1618 3 0 300 589 892
1619 3 0 329 981 791
1620 3 0 238 823 604
1621 3 0 149 576 1090
1622 3 0 253 856 625
1623 3 0 311 625 856
1624 3 0 281 640 755
1625 3 0 271 790 628
1626 3 0 91 92 824
1627 3 0 157 847 606
1628 3 0 440 1015 820
1629 3 0 262 815 1009
1630 3 0 446 1009 815
1631 3 0 113 751 1088
1632 3 0 163 597 932
1633 3 0 375 728 713
1634 3 0 136 1000 851
1635 3 0 331 1069 800
1636 3 0 420 1084 578
1637 3 0 276 761 760
1638 3 0 433 760 761
1639 3 0 200 578 1002
1640 3 0 293 768 767
1641 3 0 342 767 768
1642 3 0 199 732 797
1643 3 0 334 797 732
1644 3 0 286 840 609
1645 3 0 287 608 841
1646 3 0 289 624 866
1647 3 0 291 989 580
1648 3 0 395 769 1050
1649 3 0 362 613 1095
1650 3 0 246 1095 613
1651 3 0 86 584 979
1652 3 0 65 66 931
1653 3 0 6 587 925
1654 3 0 324 925 587
1655 3 0 160 614 978
1656 3 0 167 777 655
1657 3 0 144 585 942
1658 3 0 329 929 981
1659 3 0 293 606 847
1660 3 0 244 584 1072
1661 3 0 176 774 875
1662 3 0 366 875 774
1663 3 0 179 633 864
1664 3 0 327 809 933
1665 3 0 247 615 886
1666 3 0 300 892 605
1667 3 0 22 23 855
1668 3 0 67 68 912
1669 3 0 367 629 1094
1670 3 0 264 1094 629
1671 3 0 175 602 880
1672 3 0 241 1054 656
1673 3 0 359 1036 644
1674 3 0 179 644 1036
1675 3 0 441 1068 651
1676 3 0 534 667 1011
1677 3 0 649 854 1025
1678 3 0 429 659 832
1679 3 0 294 978 614
1680 3 0 322 780 739
1681 3 0 106 107 964
1682 3 0 144 1020 585
1683 3 0 309 826 869
1684 3 0 380 869 826
1685 3 0 238 904 597
1686 3 0 179 864 644
1687 3 0 130 903 1019
1688 3 0 156 713 728
1689 3 0 182 605 892
1690 3 0 305 934 596
1691 3 0 280 995 586
1692 3 0 173 825 741
1693 3 0 340 741 825
1694 3 0 54 600 935
1695 3 0 304 822 633
1696 3 0 99 100 958
1697 3 0 143 596 934
1698 3 0 162 998 632
1699 3 0 539 596 957
1700 3 0 143 957 596
1701 3 0 415 1065 815
1702 3 0 253 622 856
1703 3 0 411 800 1069
1704 3 0 53 54 935
1705 3 0 49 50 997
1706 3 0 361 765 888
1707 3 0 128 888 765
1708 3 0 116 117 907
1709 3 0 159 621 866
1710 3 0 184 1018 941
1711 3 0 330 1019 590
1712 3 0 167 677 777
1713 3 0 320 678 857
1714 3 0 53 935 792
1715 3 0 389 792 935
1716 3 0 7 8 922
1717 3 0 72 73 1076
1718 3 0 259 1031 591
1719 3 0 289 699 836
1720 3 0 346 911 725
1721 3 0 373 796 913
1722 3 0 134 913 796
1723 3 0 322 807 780
1724 3 0 353 922 1048
1725 3 0 234 627 871
1726 3 0 152 643 834
1727 3 0 348 673 973
1728 3 0 134 973 673
1729 3 0 179 1036 593
1730 3 0 292 864 633
1731 3 0 95 96 1044
1732 3 0 171 637 1003
1733 3 0 339 1003 637
1734 3 0 87 88 953
1735 3 0 161 630 883
1736 3 0 304 633 936
1737 3 0 185 667 850
1738 3 0 315 850 667
1739 3 0 352 898 893
1740 3 0 407 893 898
1741 3 0 247 696 1055
1742 3 0 490 1014 666
1743 3 0 181 607 972
1744 3 0 440 820 1061
1745 3 0 374 1061 820
1746 3 0 263 606 987
1747 3 0 212 1070 625
1748 3 0 205 946 649
1749 3 0 438 1080 1077
1750 3 0 125 1059 849
1751 3 0 304 876 673
1752 3 0 503 831 748
1753 3 0 302 854 649
1754 3 0 362 1095 1079
1755 3 0 14 15 1015
1756 3 0 261 1043 603
1757 3 0 157 606 1014
1758 3 0 32 33 1021
1759 3 0 78 79 1024
1760 3 0 178 695 868
1761 3 0 326 868 695
1762 3 0 278 701 813
1763 3 0 110 111 1029
1764 3 0 188 1065 760
1765 3 0 306 828 671
1766 3 0 28 29 1047
1767 3 0 80 1008 610
1768 3 0 314 647 878
1769 3 0 394 1078 605
1770 3 0 376 909 632
1771 3 0 70 71 1064
1772 3 0 348 656 1054
1773 3 0 488 1065 912
1774 3 0 415 912 1065
1775 3 0 121 704 896
1776 3 0 104 874 648
1777 3 0 393 938 1011
1778 3 0 112 113 1088
1779 3 0 49 997 674
1780 3 0 347 674 997
1781 3 0 311 860 969
1782 3 0 465 1002 645
1783 3 0 321 739 780
1784 3 0 180 626 952
1785 3 0 424 1051 784
1786 3 0 187 784 1051
1787 3 0 414 805 1045
1788 3 0 140 1045 805
1789 3 0 121 860 669
1790 3 0 157 715 877
1791 3 0 179 936 633
1792 3 0 212 625 969
1793 3 0 393 1011 667
1794 3 0 250 919 920
1795 3 0 418 920 919
1796 3 0 123 612 1089
1797 3 0 240 1086 612
1798 3 0 296 819 744
1799 3 0 311 669 860
1800 3 0 335 635 958
1801 3 0 165 653 937
1802 3 0 335 941 635
1803 3 0 276 1085 761
1804 3 0 297 652 894
1805 3 0 218 671 889
1806 3 0 166 646 914
1807 3 0 298 660 1060
1808 3 0 483 618 1070
1809 3 0 347 621 1016
1810 3 0 306 671 1038
1811 3 0 66 690 931
1812 3 0 171 1007 637
1813 3 0 347 1026 621
1814 3 0 134 673 876
1815 3 0 99 958 635
1816 3 0 312 661 974
1817 3 0 312 889 671
1818 3 0 196 1046 745
1819 3 0 389 745 1046
1820 3 0 334 658 1010
1821 3 0 338 1041 639
1822 3 0 174 639 1041
1823 3 0 181 972 733
1824 3 0 360 733 972
1825 3 0 164 780 807
1826 3 0 200 638 1087
1827 3 0 246 620 1095
1828 3 0 362 1079 624
1829 3 0 497 1096 752
1830 3 0 296 632 998
1831 3 0 164 967 702
1832 3 0 5 925 785
1833 3 0 119 785 924
1834 3 0 203 959 1032
1835 3 0 302 649 946
1836 3 0 310 721 1066
1837 3 0 348 973 641
1838 3 0 123 961 944
1839 3 0 438 944 961
1840 3 0 307 685 932
1841 3 0 320 637 1007
1842 3 0 219 863 923
1843 3 0 388 923 863
1844 3 0 258 686 988
1845 3 0 316 927 729
1846 3 0 305 839 886
1847 3 0 106 964 698
1848 3 0 416 1033 897
1849 3 0 436 779 983
1850 3 0 183 983 779
1851 3 0 290 748 831
1852 3 0 521 1097 968
1853 3 0 224 968 1097
1854 3 0 141 861 930
1855 3 0 386 930 861
1856 3 0 453 1090 821
1857 3 0 266 996 645
1858 3 0 247 1055 636
1859 3 0 140 1010 658
1860 3 0 427 843 910
1861 3 0 288 1030 641
1862 3 0 332 846 888
1863 3 0 361 888 846
1864 3 0 313 662 956
1865 3 0 294 734 978
1866 3 0 50 699 997
1867 3 0 328 908 706
1868 3 0 132 706 908
1869 3 0 255 974 661
1870 3 0 474 816 974
1871 3 0 302 788 921
1872 3 0 447 1097 802
1873 3 0 351 1073 829
1874 3 0 291 789 842
1875 3 0 325 901 733
1876 3 0 384 842 789
1877 3 0 355 948 983
1878 3 0 436 983 948
1879 3 0 422 807 1043
1880 3 0 347 699 1026
1881 3 0 289 1026 699
1882 3 0 134 796 973
1883 3 0 69 657 1023
1884 3 0 295 1020 763
1885 3 0 371 833 962
1886 3 0 138 962 833
1887 3 0 176 651 1068
1888 3 0 350 1086 965
1889 3 0 421 990 917
1890 3 0 343 917 990
1891 3 0 342 1055 696
1892 3 0 412 1066 838
1893 3 0 182 838 1066
1894 3 0 14 1015 758
1895 3 0 181 733 901
1896 3 0 337 1022 726
1897 3 0 468 771 908
1898 3 0 481 1022 926
1899 3 0 327 872 873
1900 3 0 367 873 872
1901 3 0 172 954 707
1902 3 0 351 985 1073
1903 3 0 489 1073 985
1904 3 0 380 826 868
1905 3 0 336 698 964
1906 3 0 193 1082 803
1907 3 0 400 803 1082
1908 3 0 177 1099 684
1909 3 0 356 684 1099
1910 3 0 218 1038 671
1911 3 0 388 850 849
1912 3 0 315 849 850
1913 3 0 428 994 753
1914 3 0 31 729 927
1915 3 0 213 1077 1080
1916 3 0 201 773 1042
1917 3 0 438 1077 944
1918 3 0 323 862 861
1919 3 0 386 861 862
1920 3 0 328 707 954
1921 3 0 396 737 987
1922 3 0 263 987 737
1923 3 0 170 1067 668
1924 3 0 336 991 698
1925 3 0 506 837 1038
1926 3 0 173 762 906
1927 3 0 180 952 982
1928 3 0 178 868 826
1929 3 0 306 1038 837
1930 3 0 347 997 699
1931 3 0 190 801 945
1932 3 0 349 945 801
1933 3 0 190 917 801
1934 3 0 343 801 917
1935 3 0 132 908 771
1936 3 0 267 703 986
1937 3 0 363 1071 679
1938 3 0 388 1059 923
1939 3 0 624 1079 866
1940 3 0 401 1000 902
1941 3 0 189 1039 897
1942 3 0 416 897 1039
1943 3 0 472 792 1046
1944 3 0 389 1046 792
1945 3 0 510 929 993
1946 3 0 177 672 1099
1947 3 0 345 1033 710
1948 3 0 202 710 1033
1949 3 0 333 951 732
1950 3 0 168 759 1013
1951 3 0 430 886 839
1952 3 0 264 679 1094
1953 3 0 325 733 959
1954 3 0 142 754 956
1955 3 0 597 904 932
1956 3 0 424 915 1051
1957 3 0 379 1051 915
1958 3 0 312 974 816
1959 3 0 386 862 999
1960 3 0 235 999 862
1961 3 0 364 921 788
1962 3 0 100 835 958
1963 3 0 324 924 785
1964 3 0 324 785 925
1965 3 0 134 876 1069
1966 3 0 189 812 1039
1967 3 0 371 1039 812
1968 3 0 443 995 787
1969 3 0 280 787 995
1970 3 0 169 910 843
1971 3 0 316 967 757
1972 3 0 318 1025 717
1973 3 0 134 1069 913
1974 3 0 377 753 994
1975 3 0 258 845 1034
1976 3 0 431 1034 845
1977 3 0 431 947 954
1978 3 0 328 954 947
1979 3 0 56 778 975
1980 3 0 335 958 835
1981 3 0 308 834 1028
1982 3 0 211 970 872
1983 3 0 367 872 970
1984 3 0 182 1066 721
1985 3 0 159 866 1079
1986 3 0 172 1081 954
1987 3 0 363 791 981
1988 3 0 330 1013 759
1989 3 0 219 1027 863
1990 3 0 378 863 1027
1991 3 0 357 1058 1001
1992 3 0 529 879 998
1993 3 0 296 998 879
1994 3 0 343 982 801
1995 3 0 344 1000 802
1996 3 0 565 960 1007
1997 3 0 320 1007 960
1998 3 0 123 1089 720
1999 3 0 350 720 1089
2000 3 0 431 954 1081
2001 3 0 171 992 951
2002 3 0 147 971 829
2003 3 0 351 829 971
2004 3 0 572 937 949
2005 3 0 136 802 1000
2006 3 0 340 825 1072
2007 3 0 386 945 930
2008 3 0 514 969 860
2009 3 0 334 1010 797
2010 3 0 307 932 904
2011 3 0 326 1042 773
2012 3 0 402 1047 918
2013 3 0 29 918 1047
2014 3 0 73 948 1076
2015 3 0 371 962 1039
2016 3 0 416 1039 962
2017 3 0 95 1044 893
2018 3 0 423 1001 1058
2019 3 0 155 1098 772
2020 3 0 366 772 1098
2021 3 0 376 752 1096
2022 3 0 390 1049 980
2023 3 0 423 980 1049
2024 3 0 160 1025 854
2025 3 0 176 1068 774
2026 3 0 349 930 945
2027 3 0 414 1045 1027
2028 3 0 278 813 1075
2029 3 0 220 981 929
2030 3 0 557 1075 813
2031 3 0 319 949 937
2032 3 0 171 1003 992
2033 3 0 487 992 1003
2034 3 0 331 913 1069
2035 3 0 500 976 1006
2036 3 0 357 865 1058
2037 3 0 344 902 1000
2038 3 0 414 1087 805
2039 3 0 437 1032 984
2040 3 0 110 1029 915
2041 3 0 379 915 1029
2042 3 0 621 1026 866
2043 3 0 289 866 1026
2044 3 0 378 1027 1045
2045 3 0 174 1041 1063
2046 3 0 564 1063 1041
2047 3 0 329 993 929
2048 3 0 161 1058 865
2049 3 0 414 1027 963
2050 3 0 345 897 1033
2051 3 0 459 1013 950
2052 3 0 330 950 1013
2053 3 0 352 893 1044
2054 3 0 397 1081 928
2055 3 0 172 928 1081
2056 3 0 411 1069 876
2057 3 0 337 926 1022
2058 3 0 370 1035 943
2059 3 0 339 1006 976
2060 3 0 431 1081 1034
2061 3 0 397 1034 1081
2062 3 0 191 943 1035
2063 3 0 369 923 1059
2064 3 0 219 963 1027
2065 3 0 423 1049 1001
2066 3 0 193 1001 1049
2067 3 0 402 918 1093
2068 3 0 537 1093 918
2069 3 0 360 984 1032
2070 3 0 376 1096 909
2071 3 0 222 909 1096
2072 3 0 251 1078 955
2073 3 0 394 955 1078
2074 3 0 358 944 1077
2075 3 0 355 1076 948
2076 3 0 612 1086 1089
2077 3 0 350 1089 1086
