0 3 0 467 1035 207
1 3 0 207 1035 408
2 3 0 787 550 229
3 3 0 923 452 231
4 3 0 405 452 923
5 3 0 882 499 474
6 3 0 278 882 474
7 3 0 384 550 787
8 3 0 382 855 517
9 3 0 1077 414 440
10 3 0 855 141 517
11 3 0 234 414 1077
12 3 0 495 888 446
13 3 0 361 734 603
14 3 0 446 888 256
15 3 0 734 204 603
16 3 0 393 714 946
17 3 0 827 570 161
18 3 0 829 638 288
19 3 0 369 570 827
20 3 0 174 856 521
21 3 0 521 856 973
22 3 0 946 714 150
23 3 0 131 404 507
24 3 0 163 599 527
25 3 0 301 527 599
26 3 0 270 477 400
27 3 0 402 815 554
28 3 0 815 183 554
29 3 0 127 688 756
30 3 0 123 440 414
31 3 0 240 578 352
32 3 0 83 465 860
33 3 0 235 570 369
34 3 0 127 756 432
35 3 0 257 426 635
36 3 0 225 523 451
37 3 0 263 451 523
38 3 0 182 571 395
39 3 0 449 638 829
40 3 0 145 468 395
41 3 0 402 774 815
42 3 0 487 643 685
43 3 0 189 482 903
44 3 0 227 379 844
45 3 0 224 547 356
46 3 0 285 782 355
47 3 0 450 886 678
48 3 0 262 487 685
49 3 0 726 572 249
50 3 0 372 572 726
51 3 0 403 1062 695
52 3 0 14 15 413
53 3 0 217 479 501
54 3 0 251 501 479
55 3 0 135 886 450
56 3 0 176 880 365
57 3 0 143 420 1006
58 3 0 160 612 862
59 3 0 208 475 668
60 3 0 83 84 465
61 3 0 1062 203 695
62 3 0 295 565 425
63 3 0 211 780 804
64 3 0 240 352 623
65 3 0 127 432 576
66 3 0 258 576 432
67 3 0 212 493 492
68 3 0 254 492 493
69 3 0 124 360 550
70 3 0 420 926 1006
71 3 0 285 355 675
72 3 0 200 497 387
73 3 0 181 353 872
74 3 0 224 356 697
75 3 0 181 608 353
76 3 0 123 696 354
77 3 0 398 771 710
78 3 0 43 435 720
79 3 0 142 596 566
80 3 0 123 354 647
81 3 0 318 854 457
82 3 0 211 804 439
83 3 0 214 638 464
84 3 0 137 615 391
85 3 0 1035 70 71
86 3 0 139 406 683
87 3 0 124 550 384
88 3 0 251 589 410
89 3 0 152 410 589
90 3 0 505 830 838
91 3 0 218 830 505
92 3 0 124 567 360
93 3 0 457 854 917
94 3 0 126 767 392
95 3 0 294 392 767
96 3 0 79 80 428
97 3 0 92 93 546
98 3 0 208 668 1012
99 3 0 198 399 640
100 3 0 132 774 402
101 3 0 358 676 611
102 3 0 23 24 443
103 3 0 716 885 493
104 3 0 255 472 540
105 3 0 237 540 472
106 3 0 896 60 61
107 3 0 46 895 45
108 3 0 376 701 822
109 3 0 241 604 380
110 3 0 152 789 410
111 3 0 256 611 676
112 3 0 55 425 602
113 3 0 176 365 773
114 3 0 150 1056 368
115 3 0 493 885 133
116 3 0 227 863 379
117 3 0 148 669 530
118 3 0 156 511 739
119 3 0 211 439 531
120 3 0 160 862 565
121 3 0 365 880 533
122 3 0 194 405 788
123 3 0 247 613 385
124 3 0 177 385 613
125 3 0 822 701 89
126 3 0 270 400 712
127 3 0 159 498 648
128 3 0 302 648 498
129 3 0 495 1006 915
130 3 0 758 280 1011
131 3 0 7 374 632
132 3 0 202 549 392
133 3 0 148 610 669
134 3 0 511 1051 739
135 3 0 274 742 377
136 3 0 216 422 731
137 3 0 139 670 501
138 3 0 125 415 652
139 3 0 230 564 401
140 3 0 346 903 482
141 3 0 325 518 872
142 3 0 518 893 872
143 3 0 93 673 546
144 3 0 139 510 670
145 3 0 290 815 774
146 3 0 220 533 880
147 3 0 343 502 768
148 3 0 205 768 502
149 3 0 121 674 526
150 3 0 147 523 661
151 3 0 267 398 710
152 3 0 426 856 635
153 3 0 222 369 827
154 3 0 489 60 896
155 3 0 488 895 46
156 3 0 58 476 552
157 3 0 117 899 416
158 3 0 184 536 382
159 3 0 202 490 418
160 3 0 47 475 723
161 3 0 59 724 476
162 3 0 371 631 816
163 3 0 126 392 549
164 3 0 291 816 631
165 3 0 224 697 364
166 3 0 176 396 880
167 3 0 215 495 915
168 3 0 201 513 847
169 3 0 364 847 513
170 3 0 190 715 414
171 3 0 42 43 720
172 3 0 121 699 674
173 3 0 283 382 746
174 3 0 1089 841 208
175 3 0 23 443 812
176 3 0 492 938 878
177 3 0 236 485 831
178 3 0 351 831 485
179 3 0 47 48 475
180 3 0 58 59 476
181 3 0 21 22 455
182 3 0 214 440 647
183 3 0 251 410 1046
184 3 0 147 661 609
185 3 0 150 714 553
186 3 0 194 1014 405
187 3 0 242 373 557
188 3 0 226 436 982
189 3 0 216 731 455
190 3 0 295 735 565
191 3 0 467 70 1035
192 3 0 215 443 745
193 3 0 499 849 768
194 3 0 285 566 596
195 3 0 153 592 458
196 3 0 272 458 592
197 3 0 215 745 445
198 3 0 154 572 433
199 3 0 203 766 695
200 3 0 214 795 638
201 3 0 212 492 878
202 3 0 268 706 390
203 3 0 68 744 378
204 3 0 249 572 434
205 3 0 154 434 572
206 3 0 381 624 696
207 3 0 624 233 696
208 3 0 79 428 712
209 3 0 297 443 512
210 3 0 215 512 443
211 3 0 228 672 945
212 3 0 41 720 451
213 3 0 228 945 538
214 3 0 1011 280 441
215 3 0 227 844 534
216 3 0 14 413 825
217 3 0 124 384 781
218 3 0 238 553 387
219 3 0 150 368 1082
220 3 0 177 666 385
221 3 0 226 982 496
222 3 0 224 364 866
223 3 0 127 576 372
224 3 0 117 118 899
225 3 0 222 963 369
226 3 0 184 374 1016
227 3 0 94 426 673
228 3 0 204 734 491
229 3 0 326 491 734
230 3 0 205 499 768
231 3 0 209 552 476
232 3 0 235 369 594
233 3 0 167 492 541
234 3 0 254 541 492
235 3 0 532 769 1083
236 3 0 249 434 579
237 3 0 188 579 434
238 3 0 195 625 428
239 3 0 270 428 625
240 3 0 410 789 625
241 3 0 410 548 1046
242 3 0 941 593 179
243 3 0 151 710 771
244 3 0 241 397 604
245 3 0 412 593 941
246 3 0 320 860 465
247 3 0 230 401 543
248 3 0 580 797 1085
249 3 0 232 388 602
250 3 0 245 617 419
251 3 0 405 1014 452
252 3 0 277 433 500
253 3 0 239 376 606
254 3 0 247 385 633
255 3 0 153 633 385
256 3 0 184 416 948
257 3 0 335 948 416
258 3 0 170 861 663
259 3 0 255 540 504
260 3 0 148 504 540
261 3 0 239 701 376
262 3 0 317 694 419
263 3 0 137 769 532
264 3 0 276 514 486
265 3 0 221 503 504
266 3 0 255 504 503
267 3 0 22 812 455
268 3 0 283 783 382
269 3 0 184 382 783
270 3 0 143 495 446
271 3 0 244 463 752
272 3 0 206 508 432
273 3 0 235 594 457
274 3 0 238 387 597
275 3 0 794 617 245
276 3 0 408 617 794
277 3 0 459 841 1089
278 3 0 214 647 520
279 3 0 178 624 381
280 3 0 139 548 406
281 3 0 138 490 480
282 3 0 123 381 696
283 3 0 39 686 417
284 3 0 194 420 538
285 3 0 124 421 1058
286 3 0 240 1016 890
287 3 0 139 683 993
288 3 0 123 1033 381
289 3 0 405 585 788
290 3 0 198 907 399
291 3 0 224 675 547
292 3 0 242 813 373
293 3 0 1013 453 719
294 3 0 229 797 580
295 3 0 57 58 552
296 3 0 156 690 519
297 3 0 127 372 726
298 3 0 155 508 772
299 3 0 197 557 469
300 3 0 162 529 665
301 3 0 307 665 529
302 3 0 176 763 396
303 3 0 284 396 763
304 3 0 228 430 528
305 3 0 126 528 430
306 3 0 184 948 374
307 3 0 131 679 522
308 3 0 310 522 679
309 3 0 149 638 449
310 3 0 120 1097 473
311 3 0 209 842 460
312 3 0 377 273 711
313 3 0 205 833 474
314 3 0 7 890 374
315 3 0 563 811 967
316 3 0 189 891 482
317 3 0 128 818 524
318 3 0 260 473 497
319 3 0 330 525 759
320 3 0 274 377 729
321 3 0 240 471 536
322 3 0 145 487 584
323 3 0 262 584 487
324 3 0 524 818 876
325 3 0 125 652 547
326 3 0 473 1097 497
327 3 0 241 380 653
328 3 0 240 890 578
329 3 0 54 55 602
330 3 0 204 1096 603
331 3 0 244 752 516
332 3 0 264 480 490
333 3 0 41 42 720
334 3 0 31 687 544
335 3 0 267 574 398
336 3 0 205 474 499
337 3 0 231 970 411
338 3 0 225 435 895
339 3 0 226 896 436
340 3 0 321 967 811
341 3 0 334 483 852
342 3 0 1067 273 377
343 3 0 125 405 923
344 3 0 30 31 544
345 3 0 81 844 379
346 3 0 304 618 562
347 3 0 185 562 618
348 3 0 68 378 750
349 3 0 81 379 751
350 3 0 242 557 462
351 3 0 197 462 557
352 3 0 1090 540 237
353 3 0 460 540 1090
354 3 0 274 519 505
355 3 0 508 737 772
356 3 0 244 983 422
357 3 0 280 546 586
358 3 0 257 586 546
359 3 0 140 383 754
360 3 0 1013 688 485
361 3 0 72 617 408
362 3 0 246 645 612
363 3 0 333 612 645
364 3 0 87 88 556
365 3 0 150 553 1056
366 3 0 558 973 850
367 3 0 178 381 685
368 3 0 124 781 421
369 3 0 547 675 954
370 3 0 464 575 1077
371 3 0 140 704 383
372 3 0 216 596 463
373 3 0 200 387 714
374 3 0 199 819 383
375 3 0 243 651 465
376 3 0 359 478 958
377 3 0 438 603 1096
378 3 0 52 470 837
379 3 0 115 461 691
380 3 0 277 693 433
381 3 0 154 433 693
382 3 0 1079 199 383
383 3 0 153 385 1029
384 3 0 1077 575 234
385 3 0 400 1041 712
386 3 0 145 581 468
387 3 0 199 852 483
388 3 0 236 453 1013
389 3 0 245 419 694
390 3 0 125 585 405
391 3 0 309 759 525
392 3 0 156 739 690
393 3 0 414 715 588
394 3 0 125 923 415
395 3 0 241 641 397
396 3 0 193 958 478
397 3 0 271 570 535
398 3 0 207 391 615
399 3 0 297 812 443
400 3 0 474 833 774
401 3 0 273 526 511
402 3 0 86 802 539
403 3 0 232 649 388
404 3 0 231 411 618
405 3 0 310 427 846
406 3 0 178 846 427
407 3 0 294 989 392
408 3 0 214 1077 440
409 3 0 244 422 971
410 3 0 148 540 460
411 3 0 143 965 420
412 3 0 334 563 542
413 3 0 183 815 458
414 3 0 213 486 514
415 3 0 270 712 428
416 3 0 286 723 475
417 3 0 287 476 724
418 3 0 421 574 1058
419 3 0 248 407 705
420 3 0 148 655 504
421 3 0 131 871 404
422 3 0 232 425 565
423 3 0 248 468 581
424 3 0 272 592 544
425 3 0 259 544 592
426 3 0 104 105 491
427 3 0 137 391 769
428 3 0 85 86 539
429 3 0 1000 902 535
430 3 0 142 866 513
431 3 0 236 1013 485
432 3 0 207 794 391
433 3 0 350 951 471
434 3 0 141 471 951
435 3 0 197 614 591
436 3 0 235 1000 535
437 3 0 296 628 744
438 3 0 378 744 628
439 3 0 303 591 614
440 3 0 236 1089 453
441 3 0 209 1090 454
442 3 0 199 809 481
443 3 0 268 390 672
444 3 0 198 640 1081
445 3 0 66 67 494
446 3 0 199 483 809
447 3 0 286 661 488
448 3 0 225 488 661
449 3 0 214 464 1077
450 3 0 225 895 488
451 3 0 226 489 896
452 3 0 234 853 414
453 3 0 466 911 641
454 3 0 911 166 641
455 3 0 210 1093 477
456 3 0 400 477 1093
457 3 0 248 657 407
458 3 0 123 414 588
459 3 0 236 459 1089
460 3 0 209 460 1090
461 3 0 11 407 897
462 3 0 142 463 596
463 3 0 148 530 655
464 3 0 188 447 579
465 3 0 222 827 986
466 3 0 182 873 571
467 3 0 182 395 722
468 3 0 319 857 756
469 3 0 186 409 606
470 3 0 339 682 710
471 3 0 459 609 841
472 3 0 460 842 610
473 3 0 216 506 596
474 3 0 231 452 970
475 3 0 202 392 738
476 3 0 377 742 531
477 3 0 167 481 809
478 3 0 234 867 853
479 3 0 404 718 507
480 3 0 142 566 866
481 3 0 93 94 673
482 3 0 145 395 921
483 3 0 137 838 615
484 3 0 218 505 519
485 3 0 28 29 515
486 3 0 347 915 1006
487 3 0 371 919 631
488 3 0 297 455 812
489 3 0 226 669 489
490 3 0 287 489 669
491 3 0 237 660 1090
492 3 0 365 533 1100
493 3 0 126 549 528
494 3 0 225 720 435
495 3 0 395 571 921
496 3 0 252 921 571
497 3 0 134 667 637
498 3 0 349 637 667
499 3 0 141 868 517
500 3 0 554 985 1045
501 3 0 210 477 796
502 3 0 140 754 403
503 3 0 51 52 837
504 3 0 220 511 526
505 3 0 185 618 411
506 3 0 43 1001 435
507 3 0 382 517 746
508 3 0 454 1090 660
509 3 0 132 402 793
510 3 0 195 1049 410
511 3 0 311 708 482
512 3 0 284 739 396
513 3 0 195 410 625
514 3 0 200 1003 754
515 3 0 183 458 779
516 3 0 263 935 451
517 3 0 172 573 582
518 3 0 276 582 573
519 3 0 183 985 554
520 3 0 335 416 899
521 3 0 223 973 558
522 3 0 359 621 478
523 3 0 207 408 794
524 3 0 225 451 720
525 3 0 122 429 736
526 3 0 186 636 409
527 3 0 258 432 990
528 3 0 230 543 814
529 3 0 250 725 926
530 3 0 88 701 556
531 3 0 44 895 1001
532 3 0 62 1002 896
533 3 0 251 479 627
534 3 0 162 503 628
535 3 0 166 806 438
536 3 0 164 972 423
537 3 0 317 972 694
538 3 0 72 408 1035
539 3 0 331 1085 797
540 3 0 178 427 624
541 3 0 232 602 425
542 3 0 140 403 695
543 3 0 315 404 912
544 3 0 334 922 563
545 3 0 435 1001 895
546 3 0 436 896 1002
547 3 0 203 652 415
548 3 0 328 500 952
549 3 0 50 51 692
550 3 0 315 718 404
551 3 0 244 583 983
552 3 0 190 414 853
553 3 0 466 667 911
554 3 0 315 516 752
555 3 0 138 968 490
556 3 0 466 641 1047
557 3 0 11 705 407
558 3 0 216 971 422
559 3 0 133 478 621
560 3 0 243 568 651
561 3 0 32 953 437
562 3 0 256 676 446
563 3 0 15 684 413
564 3 0 243 465 733
565 3 0 227 683 863
566 3 0 305 911 667
567 3 0 149 575 464
568 3 0 439 709 531
569 3 0 147 459 831
570 3 0 1047 641 241
571 3 0 160 565 735
572 3 0 98 587 927
573 3 0 246 442 645
574 3 0 509 857 886
575 3 0 64 65 496
576 3 0 163 527 626
577 3 0 104 491 913
578 3 0 252 522 643
579 3 0 184 1016 536
580 3 0 219 984 1071
581 3 0 406 863 683
582 3 0 390 706 1075
583 3 0 256 445 1004
584 3 0 219 1071 542
585 3 0 117 416 646
586 3 0 237 472 792
587 3 0 102 103 518
588 3 0 438 806 1023
589 3 0 39 417 916
590 3 0 195 863 1049
591 3 0 28 515 1022
592 3 0 386 853 867
593 3 0 1069 662 213
594 3 0 273 664 526
595 3 0 66 494 805
596 3 0 370 943 595
597 3 0 51 837 692
598 3 0 185 411 708
599 3 0 418 490 968
600 3 0 114 115 691
601 3 0 222 781 843
602 3 0 195 994 863
603 3 0 171 811 563
604 3 0 196 649 450
605 3 0 209 454 894
606 3 0 267 710 682
607 3 0 119 836 899
608 3 0 543 693 814
609 3 0 167 809 938
610 3 0 169 864 917
611 3 0 129 877 483
612 3 0 327 483 877
613 3 0 170 620 861
614 3 0 341 973 856
615 3 0 210 757 537
616 3 0 317 537 757
617 3 0 265 568 551
618 3 0 413 1066 825
619 3 0 319 648 857
620 3 0 268 528 549
621 3 0 206 857 509
622 3 0 169 577 864
623 3 0 209 894 552
624 3 0 203 415 766
625 3 0 250 601 725
626 3 0 138 616 469
627 3 0 253 469 616
628 3 0 480 662 1069
629 3 0 242 429 813
630 3 0 323 1083 769
631 3 0 355 782 601
632 3 0 293 1023 806
633 3 0 164 740 555
634 3 0 323 555 740
635 3 0 184 783 416
636 3 0 88 89 701
637 3 0 158 512 725
638 3 0 129 1094 877
639 3 0 500 1074 952
640 3 0 1047 349 667
641 3 0 111 743 424
642 3 0 370 595 775
643 3 0 263 417 686
644 3 0 290 458 815
645 3 0 342 631 919
646 3 0 308 539 802
647 3 0 354 942 520
648 3 0 175 520 942
649 3 0 202 418 1031
650 3 0 457 594 776
651 3 0 6 7 632
652 3 0 192 456 991
653 3 0 337 991 456
654 3 0 323 769 555
655 3 0 466 1047 667
656 3 0 39 40 686
657 3 0 237 1055 660
658 3 0 266 424 743
659 3 0 324 517 868
660 3 0 149 449 698
661 3 0 266 698 449
662 3 0 263 817 417
663 3 0 644 1087 957
664 3 0 111 424 920
665 3 0 20 731 422
666 3 0 163 551 677
667 3 0 20 422 983
668 3 0 317 419 730
669 3 0 194 788 420
670 3 0 433 572 845
671 3 0 207 615 529
672 3 0 307 529 615
673 3 0 135 450 996
674 3 0 195 428 994
675 3 0 247 689 430
676 3 0 147 609 459
677 3 0 148 460 610
678 3 0 32 437 687
679 3 0 295 425 980
680 3 0 216 455 650
681 3 0 98 99 587
682 3 0 384 843 781
683 3 0 132 702 474
684 3 0 278 474 702
685 3 0 261 525 605
686 3 0 130 605 525
687 3 0 233 595 943
688 3 0 311 482 891
689 3 0 192 461 746
690 3 0 283 746 461
691 3 0 219 542 563
692 3 0 94 832 426
693 3 0 324 823 517
694 3 0 192 517 823
695 3 0 158 506 898
696 3 0 385 666 1029
697 3 0 159 453 619
698 3 0 281 636 444
699 3 0 186 444 636
700 3 0 477 639 796
701 3 0 216 463 971
702 3 0 324 575 823
703 3 0 200 634 497
704 3 0 282 442 773
705 3 0 176 773 442
706 3 0 808 1038 322
707 3 0 245 694 555
708 3 0 257 673 426
709 3 0 1038 605 322
710 3 0 123 647 440
711 3 0 164 423 808
712 3 0 320 465 651
713 3 0 260 634 819
714 3 0 383 819 634
715 3 0 271 870 570
716 3 0 4 82 534
717 3 0 310 947 427
718 3 0 270 789 477
719 3 0 281 444 771
720 3 0 151 771 444
721 3 0 168 727 462
722 3 0 121 526 664
723 3 0 161 644 957
724 3 0 223 608 1099
725 3 0 176 442 700
726 3 0 151 444 995
727 3 0 409 755 885
728 3 0 272 544 687
729 3 0 403 754 1003
730 3 0 235 457 1000
731 3 0 197 469 614
732 3 0 409 885 824
733 3 0 222 545 963
734 3 0 235 535 570
735 3 0 313 663 861
736 3 0 131 507 679
737 3 0 279 679 507
738 3 0 318 875 427
739 3 0 253 614 469
740 3 0 326 913 491
741 3 0 266 784 424
742 3 0 590 873 839
743 3 0 68 69 744
744 3 0 318 427 854
745 3 0 322 804 780
746 3 0 358 1022 515
747 3 0 315 752 937
748 3 0 243 733 539
749 3 0 55 980 425
750 3 0 296 467 884
751 3 0 280 786 441
752 3 0 260 497 634
753 3 0 12 13 559
754 3 0 448 1099 608
755 3 0 176 700 763
756 3 0 126 430 689
757 3 0 300 658 571
758 3 0 298 805 494
759 3 0 251 627 589
760 3 0 442 777 645
761 3 0 118 119 899
762 3 0 296 820 467
763 3 0 200 754 634
764 3 0 221 504 655
765 3 0 247 430 889
766 3 0 272 687 437
767 3 0 263 686 935
768 3 0 353 927 587
769 3 0 276 900 514
770 3 0 122 1091 429
771 3 0 228 840 430
772 3 0 243 551 568
773 3 0 575 1088 823
774 3 0 269 932 728
775 3 0 143 446 939
776 3 0 327 878 938
777 3 0 380 604 1026
778 3 0 125 954 979
779 3 0 389 986 827
780 3 0 264 662 480
781 3 0 242 736 429
782 3 0 80 751 428
783 3 0 133 885 755
784 3 0 155 681 508
785 3 0 401 564 1063
786 3 0 237 792 1055
787 3 0 297 650 455
788 3 0 149 464 638
789 3 0 482 708 956
790 3 0 240 623 471
791 3 0 447 976 579
792 3 0 320 534 860
793 3 0 285 596 506
794 3 0 244 516 826
795 3 0 215 445 888
796 3 0 144 775 595
797 3 0 206 432 756
798 3 0 188 434 760
799 3 0 154 761 434
800 3 0 299 590 839
801 3 0 138 480 616
802 3 0 274 729 519
803 3 0 196 450 678
804 3 0 555 769 1043
805 3 0 522 846 643
806 3 0 160 454 660
807 3 0 228 538 598
808 3 0 395 468 722
809 3 0 301 824 885
810 3 0 343 1048 502
811 3 0 125 979 585
812 3 0 254 493 621
813 3 0 133 621 493
814 3 0 272 437 779
815 3 0 165 790 569
816 3 0 329 569 790
817 3 0 25 445 745
818 3 0 25 1004 445
819 3 0 171 563 922
820 3 0 246 700 442
821 3 0 421 1059 1095
822 3 0 334 1015 483
823 3 0 166 438 798
824 3 0 41 451 935
825 3 0 48 668 475
826 3 0 419 617 1018
827 3 0 298 496 805
828 3 0 263 1005 447
829 3 0 256 888 445
830 3 0 96 97 558
831 3 0 202 707 549
832 3 0 170 1067 531
833 3 0 377 531 1067
834 3 0 16 630 684
835 3 0 157 713 486
836 3 0 276 486 713
837 3 0 362 763 700
838 3 0 218 519 690
839 3 0 239 556 701
840 3 0 275 484 760
841 3 0 319 756 688
842 3 0 218 690 524
843 3 0 290 747 458
844 3 0 153 458 747
845 3 0 394 728 932
846 3 0 338 930 560
847 3 0 271 541 870
848 3 0 399 851 869
849 3 0 3 101 785
850 3 0 3 785 100
851 3 0 244 971 463
852 3 0 24 745 443
853 3 0 294 768 849
854 3 0 168 627 479
855 3 0 103 913 518
856 3 0 341 850 973
857 3 0 248 705 559
858 3 0 34 35 564
859 3 0 123 588 1033
860 3 0 367 807 892
861 3 0 263 447 817
862 3 0 282 777 442
863 3 0 271 473 874
864 3 0 305 629 911
865 3 0 115 879 461
866 3 0 197 960 462
867 3 0 44 45 895
868 3 0 61 62 896
869 3 0 216 650 506
870 3 0 175 717 520
871 3 0 152 639 477
872 3 0 198 561 907
873 3 0 345 907 561
874 3 0 415 923 905
875 3 0 186 786 444
876 3 0 272 779 458
877 3 0 339 561 682
878 3 0 351 579 976
879 3 0 337 456 988
880 3 0 250 926 788
881 3 0 253 616 622
882 3 0 212 716 493
883 3 0 256 1004 611
884 3 0 147 831 976
885 3 0 283 461 879
886 3 0 188 817 447
887 3 0 266 449 784
888 3 0 629 806 911
889 3 0 129 671 1094
890 3 0 192 991 461
891 3 0 320 955 534
892 3 0 167 659 481
893 3 0 260 481 659
894 3 0 159 719 453
895 3 0 72 73 617
896 3 0 201 507 718
897 3 0 160 735 454
898 3 0 353 587 872
899 3 0 168 462 1009
900 3 0 21 455 731
901 3 0 506 650 898
902 3 0 229 550 593
903 3 0 133 755 478
904 3 0 281 478 755
905 3 0 260 659 473
906 3 0 32 33 953
907 3 0 527 975 626
908 3 0 291 807 562
909 3 0 421 1095 574
910 3 0 135 645 777
911 3 0 210 796 757
912 3 0 423 757 796
913 3 0 278 582 882
914 3 0 252 658 522
915 3 0 105 642 491
916 3 0 374 890 1016
917 3 0 139 501 1046
918 3 0 163 626 551
919 3 0 265 551 626
920 3 0 469 557 834
921 3 0 192 823 456
922 3 0 410 1049 548
923 3 0 242 462 727
924 3 0 153 502 633
925 3 0 567 682 1081
926 3 0 252 643 487
927 3 0 326 518 913
928 3 0 207 884 467
929 3 0 228 528 672
930 3 0 65 805 496
931 3 0 291 892 807
932 3 0 145 921 487
933 3 0 268 672 528
934 3 0 318 457 776
935 3 0 267 682 567
936 3 0 13 825 559
937 3 0 120 473 1007
938 3 0 84 733 465
939 3 0 358 515 1102
940 3 0 217 501 670
941 3 0 166 798 1027
942 3 0 420 788 926
943 3 0 255 503 656
944 3 0 8 9 578
945 3 0 142 752 463
946 3 0 352 904 623
947 3 0 342 919 560
948 3 0 122 560 919
949 3 0 151 748 710
950 3 0 304 695 766
951 3 0 303 614 620
952 3 0 253 620 614
953 3 0 293 869 851
954 3 0 236 831 459
955 3 0 348 1012 668
956 3 0 449 829 784
957 3 0 187 784 829
958 3 0 312 825 1066
959 3 0 127 726 485
960 3 0 163 677 909
961 3 0 512 915 725
962 3 0 169 917 854
963 3 0 212 527 716
964 3 0 217 560 930
965 3 0 1072 340 962
966 3 0 10 11 897
967 3 0 248 949 468
968 3 0 18 19 583
969 3 0 345 521 800
970 3 0 234 575 867
971 3 0 213 662 486
972 3 0 416 783 646
973 3 0 220 526 674
974 3 0 406 1049 863
975 3 0 397 1086 604
976 3 0 312 722 949
977 3 0 468 949 722
978 3 0 503 914 628
979 3 0 283 646 783
980 3 0 308 677 539
981 3 0 243 539 677
982 3 0 396 739 1051
983 3 0 303 709 908
984 3 0 439 908 709
985 3 0 273 511 711
986 3 0 156 711 511
987 3 0 583 1072 962
988 3 0 202 738 490
989 3 0 276 573 900
990 3 0 275 1021 484
991 3 0 63 982 1002
992 3 0 206 737 508
993 3 0 220 674 533
994 3 0 387 497 1097
995 3 0 346 482 1060
996 3 0 16 17 630
997 3 0 206 509 737
998 3 0 224 566 675
999 3 0 285 675 566
1000 3 0 453 1089 1012
1001 3 0 446 676 828
1002 3 0 166 1027 641
1003 3 0 502 1048 633
1004 3 0 231 905 923
1005 3 0 289 470 859
1006 3 0 162 656 503
1007 3 0 156 519 729
1008 3 0 178 685 643
1009 3 0 423 972 757
1010 3 0 294 607 989
1011 3 0 196 678 498
1012 3 0 0 836 119
1013 3 0 0 5 836
1014 3 0 70 467 820
1015 3 0 299 684 630
1016 3 0 259 1029 666
1017 3 0 215 888 495
1018 3 0 298 906 496
1019 3 0 350 471 961
1020 3 0 387 553 714
1021 3 0 354 520 647
1022 3 0 127 485 688
1023 3 0 139 1046 548
1024 3 0 333 862 612
1025 3 0 454 735 894
1026 3 0 174 635 856
1027 3 0 199 481 819
1028 3 0 312 559 825
1029 3 0 138 469 834
1030 3 0 52 791 470
1031 3 0 541 644 870
1032 3 0 141 855 471
1033 3 0 201 753 507
1034 3 0 1100 728 155
1035 3 0 471 855 536
1036 3 0 92 546 758
1037 3 0 302 498 678
1038 3 0 46 723 488
1039 3 0 286 488 723
1040 3 0 287 724 489
1041 3 0 60 489 724
1042 3 0 271 1007 473
1043 3 0 289 837 470
1044 3 0 193 478 801
1045 3 0 281 801 478
1046 3 0 533 728 1100
1047 3 0 255 959 472
1048 3 0 582 713 882
1049 3 0 259 515 721
1050 3 0 112 113 600
1051 3 0 38 484 1021
1052 3 0 146 1075 706
1053 3 0 259 666 515
1054 3 0 128 792 472
1055 3 0 252 571 658
1056 3 0 170 531 709
1057 3 0 82 860 534
1058 3 0 132 474 774
1059 3 0 321 670 510
1060 3 0 314 665 830
1061 3 0 347 926 725
1062 3 0 300 871 658
1063 3 0 254 644 541
1064 3 0 128 472 818
1065 3 0 330 1017 525
1066 3 0 129 483 1015
1067 3 0 222 843 545
1068 3 0 208 841 475
1069 3 0 286 475 841
1070 3 0 287 842 476
1071 3 0 209 476 842
1072 3 0 131 522 658
1073 3 0 302 886 857
1074 3 0 136 603 851
1075 3 0 433 1074 500
1076 3 0 225 661 523
1077 3 0 180 623 904
1078 3 0 152 477 789
1079 3 0 196 1040 649
1080 3 0 298 655 530
1081 3 0 227 569 683
1082 3 0 108 109 604
1083 3 0 154 543 761
1084 3 0 257 546 673
1085 3 0 347 1006 926
1086 3 0 357 564 1045
1087 3 0 198 1081 682
1088 3 0 307 615 838
1089 3 0 277 500 793
1090 3 0 153 1029 592
1091 3 0 285 506 782
1092 3 0 158 782 506
1093 3 0 314 830 876
1094 3 0 244 826 1072
1095 3 0 339 710 748
1096 3 0 204 491 883
1097 3 0 144 545 775
1098 3 0 292 775 545
1099 3 0 173 516 912
1100 3 0 315 912 516
1101 3 0 201 847 753
1102 3 0 226 530 669
1103 3 0 264 490 738
1104 3 0 379 863 994
1105 3 0 217 930 479
1106 3 0 26 27 611
1107 3 0 351 485 987
1108 3 0 265 671 810
1109 3 0 363 810 671
1110 3 0 168 479 1020
1111 3 0 356 547 652
1112 3 0 268 549 707
1113 3 0 144 963 545
1114 3 0 324 867 575
1115 3 0 151 995 586
1116 3 0 338 560 1057
1117 3 0 269 533 674
1118 3 0 309 589 627
1119 3 0 251 1046 501
1120 3 0 224 866 566
1121 3 0 67 750 494
1122 3 0 357 1045 985
1123 3 0 284 524 690
1124 3 0 263 523 1005
1125 3 0 562 807 1065
1126 3 0 259 721 544
1127 3 0 171 631 811
1128 3 0 342 811 631
1129 3 0 260 819 481
1130 3 0 143 1006 495
1131 3 0 282 509 777
1132 3 0 135 777 509
1133 3 0 327 809 483
1134 3 0 284 764 524
1135 3 0 128 524 764
1136 3 0 376 1053 606
1137 3 0 366 877 1094
1138 3 0 413 684 839
1139 3 0 281 771 801
1140 3 0 398 801 771
1141 3 0 573 699 900
1142 3 0 162 665 656
1143 3 0 314 656 665
1144 3 0 318 776 595
1145 3 0 144 595 776
1146 3 0 165 810 790
1147 3 0 29 721 515
1148 3 0 302 678 886
1149 3 0 153 747 502
1150 3 0 554 1045 814
1151 3 0 1045 230 814
1152 3 0 97 927 558
1153 3 0 157 486 1010
1154 3 0 38 916 484
1155 3 0 387 1097 597
1156 3 0 30 544 721
1157 3 0 282 737 509
1158 3 0 206 756 857
1159 3 0 122 736 1057
1160 3 0 205 502 833
1161 3 0 35 1063 564
1162 3 0 252 487 921
1163 3 0 360 1034 550
1164 3 0 436 1002 982
1165 3 0 279 507 753
1166 3 0 342 560 732
1167 3 0 358 611 1022
1168 3 0 64 496 982
1169 3 0 165 651 568
1170 3 0 453 1012 619
1171 3 0 230 1045 564
1172 3 0 76 925 537
1173 3 0 352 578 1039
1174 3 0 269 728 533
1175 3 0 71 72 1035
1176 3 0 515 666 1102
1177 3 0 345 1061 521
1178 3 0 174 521 1061
1179 3 0 220 1051 511
1180 3 0 274 505 1054
1181 3 0 227 534 955
1182 3 0 279 577 680
1183 3 0 169 680 577
1184 3 0 192 746 517
1185 3 0 167 938 492
1186 3 0 211 742 532
1187 3 0 274 532 742
1188 3 0 157 499 882
1189 3 0 154 693 543
1190 3 0 217 670 732
1191 3 0 301 716 527
1192 3 0 243 677 551
1193 3 0 157 849 499
1194 3 0 48 49 668
1195 3 0 91 92 758
1196 3 0 328 1030 500
1197 3 0 307 838 830
1198 3 0 298 494 1052
1199 3 0 221 914 503
1200 3 0 219 967 510
1201 3 0 321 510 967
1202 3 0 226 496 906
1203 3 0 374 948 632
1204 3 0 159 858 498
1205 3 0 196 498 859
1206 3 0 603 1023 851
1207 3 0 299 741 590
1208 3 0 173 590 741
1209 3 0 265 810 568
1210 3 0 76 537 931
1211 3 0 409 824 606
1212 3 0 130 525 1017
1213 3 0 69 70 820
1214 3 0 198 682 561
1215 3 0 432 508 990
1216 3 0 368 753 847
1217 3 0 300 571 873
1218 3 0 186 606 1053
1219 3 0 250 788 585
1220 3 0 121 514 900
1221 3 0 31 32 687
1222 3 0 102 518 929
1223 3 0 325 929 518
1224 3 0 105 106 642
1225 3 0 211 531 742
1226 3 0 248 581 657
1227 3 0 303 620 709
1228 3 0 170 709 620
1229 3 0 351 987 579
1230 3 0 249 579 987
1231 3 0 95 850 832
1232 3 0 314 876 818
1233 3 0 616 1069 622
1234 3 0 130 804 605
1235 3 0 322 605 804
1236 3 0 158 898 512
1237 3 0 297 512 898
1238 3 0 388 649 1040
1239 3 0 257 748 586
1240 3 0 264 607 1010
1241 3 0 407 657 904
1242 3 0 63 64 982
1243 3 0 164 555 694
1244 3 0 360 1081 640
1245 3 0 85 539 733
1246 3 0 139 993 510
1247 3 0 299 839 684
1248 3 0 173 826 516
1249 3 0 111 112 743
1250 3 0 269 674 699
1251 3 0 397 1027 749
1252 3 0 129 542 1071
1253 3 0 18 583 962
1254 3 0 151 586 748
1255 3 0 135 509 886
1256 3 0 110 111 920
1257 3 0 441 786 1053
1258 3 0 144 594 963
1259 3 0 208 1012 1089
1260 3 0 121 865 514
1261 3 0 193 1095 1059
1262 3 0 342 732 811
1263 3 0 120 597 1097
1264 3 0 364 513 866
1265 3 0 213 514 974
1266 3 0 261 639 1025
1267 3 0 116 117 646
1268 3 0 262 715 584
1269 3 0 201 1092 513
1270 3 0 219 510 933
1271 3 0 159 648 719
1272 3 0 319 719 648
1273 3 0 329 683 569
1274 3 0 142 513 937
1275 3 0 335 899 836
1276 3 0 215 915 512
1277 3 0 36 37 654
1278 3 0 274 1054 532
1279 3 0 271 535 1007
1280 3 0 357 1076 564
1281 3 0 246 612 910
1282 3 0 266 743 600
1283 3 0 4 844 81
1284 3 0 363 790 810
1285 3 0 287 669 610
1286 3 0 129 1015 542
1287 3 0 334 542 1015
1288 3 0 246 910 848
1289 3 0 12 559 705
1290 3 0 120 902 597
1291 3 0 336 597 902
1292 3 0 286 609 661
1293 3 0 520 717 1008
1294 3 0 210 537 1093
1295 3 0 167 541 874
1296 3 0 550 1034 593
1297 3 0 223 1042 608
1298 3 0 144 776 594
1299 3 0 181 872 893
1300 3 0 95 96 850
1301 3 0 448 977 1050
1302 3 0 326 893 518
1303 3 0 261 1025 525
1304 3 0 214 520 1008
1305 3 0 409 636 755
1306 3 0 57 552 778
1307 3 0 126 689 767
1308 3 0 343 767 689
1309 3 0 160 910 612
1310 3 0 300 590 762
1311 3 0 173 762 590
1312 3 0 321 732 670
1313 3 0 130 908 804
1314 3 0 439 804 908
1315 3 0 147 1005 523
1316 3 0 310 846 522
1317 3 0 473 659 874
1318 3 0 11 12 705
1319 3 0 355 601 979
1320 3 0 250 979 601
1321 3 0 383 704 1079
1322 3 0 94 95 832
1323 3 0 258 770 576
1324 3 0 165 568 810
1325 3 0 137 532 1054
1326 3 0 7 8 890
1327 3 0 178 643 846
1328 3 0 217 732 560
1329 3 0 300 762 871
1330 3 0 404 871 762
1331 3 0 341 856 832
1332 3 0 426 832 856
1333 3 0 470 1040 859
1334 3 0 280 758 546
1335 3 0 218 524 876
1336 3 0 162 998 529
1337 3 0 288 638 795
1338 3 0 558 927 1042
1339 3 0 429 891 813
1340 3 0 189 813 891
1341 3 0 19 20 983
1342 3 0 264 1010 662
1343 3 0 108 604 1086
1344 3 0 269 699 573
1345 3 0 228 598 840
1346 3 0 355 954 675
1347 3 0 372 845 572
1348 3 0 309 525 1025
1349 3 0 359 957 1087
1350 3 0 109 1026 604
1351 3 0 4 534 844
1352 3 0 172 582 703
1353 3 0 278 703 582
1354 3 0 412 797 593
1355 3 0 299 630 741
1356 3 0 340 741 630
1357 3 0 309 627 759
1358 3 0 115 116 879
1359 3 0 273 1067 663
1360 3 0 388 940 602
1361 3 0 317 931 537
1362 3 0 639 835 1025
1363 3 0 484 1064 760
1364 3 0 401 1084 543
1365 3 0 207 529 884
1366 3 0 80 81 751
1367 3 0 67 68 750
1368 3 0 212 975 527
1369 3 0 182 1066 839
1370 3 0 382 536 855
1371 3 0 25 26 1004
1372 3 0 240 536 1016
1373 3 0 298 530 906
1374 3 0 226 906 530
1375 3 0 267 567 1058
1376 3 0 27 1022 611
1377 3 0 282 773 772
1378 3 0 365 772 773
1379 3 0 257 635 748
1380 3 0 29 30 721
1381 3 0 291 562 816
1382 3 0 185 816 562
1383 3 0 211 532 1083
1384 3 0 69 820 744
1385 3 0 20 21 731
1386 3 0 295 778 552
1387 3 0 288 637 829
1388 3 0 508 681 990
1389 3 0 292 787 580
1390 3 0 229 580 787
1391 3 0 279 680 679
1392 3 0 310 679 680
1393 3 0 15 16 684
1394 3 0 373 834 557
1395 3 0 276 713 582
1396 3 0 238 864 577
1397 3 0 191 770 952
1398 3 0 431 952 770
1399 3 0 177 828 676
1400 3 0 196 859 1040
1401 3 0 168 759 627
1402 3 0 295 552 894
1403 3 0 271 874 541
1404 3 0 282 772 737
1405 3 0 267 1058 574
1406 3 0 269 573 932
1407 3 0 87 556 802
1408 3 0 275 654 1021
1409 3 0 420 965 538
1410 3 0 194 538 945
1411 3 0 284 690 739
1412 3 0 309 835 589
1413 3 0 152 589 835
1414 3 0 292 545 843
1415 3 0 24 25 745
1416 3 0 316 642 749
1417 3 0 106 749 642
1418 3 0 221 655 1052
1419 3 0 9 1039 578
1420 3 0 397 749 1086
1421 3 0 160 660 910
1422 3 0 306 939 828
1423 3 0 34 564 1076
1424 3 0 427 875 624
1425 3 0 76 77 925
1426 3 0 308 802 556
1427 3 0 37 38 1021
1428 3 0 399 869 640
1429 3 0 446 828 939
1430 3 0 182 839 873
1431 3 0 238 577 765
1432 3 0 321 811 732
1433 3 0 366 626 975
1434 3 0 262 588 715
1435 3 0 74 75 730
1436 3 0 328 703 702
1437 3 0 278 702 703
1438 3 0 313 664 663
1439 3 0 273 663 664
1440 3 0 346 706 707
1441 3 0 268 707 706
1442 3 0 74 730 1018
1443 3 0 306 840 598
1444 3 0 290 774 833
1445 3 0 448 608 977
1446 3 0 231 618 905
1447 3 0 36 654 1063
1448 3 0 338 736 727
1449 3 0 242 727 736
1450 3 0 295 980 778
1451 3 0 161 570 870
1452 3 0 120 1007 902
1453 3 0 535 902 1007
1454 3 0 415 905 766
1455 3 0 304 562 1065
1456 3 0 521 1099 800
1457 3 0 149 698 1088
1458 3 0 456 1088 698
1459 3 0 406 548 1049
1460 3 0 316 749 1027
1461 3 0 401 1063 654
1462 3 0 279 765 577
1463 3 0 318 595 875
1464 3 0 233 875 595
1465 3 0 203 981 652
1466 3 0 238 597 864
1467 3 0 75 76 931
1468 3 0 96 558 850
1469 3 0 78 79 712
1470 3 0 284 763 764
1471 3 0 362 764 763
1472 3 0 367 704 807
1473 3 0 158 725 601
1474 3 0 370 775 821
1475 3 0 292 821 775
1476 3 0 261 1038 796
1477 3 0 494 1098 1052
1478 3 0 125 547 954
1479 3 0 394 681 728
1480 3 0 155 728 681
1481 3 0 186 1053 786
1482 3 0 308 556 936
1483 3 0 239 936 556
1484 3 0 419 1018 730
1485 3 0 312 949 559
1486 3 0 248 559 949
1487 3 0 283 879 646
1488 3 0 112 600 743
1489 3 0 238 1056 553
1490 3 0 175 821 580
1491 3 0 292 580 821
1492 3 0 46 47 723
1493 3 0 59 60 724
1494 3 0 168 1020 727
1495 3 0 353 608 1042
1496 3 0 363 1071 984
1497 3 0 330 960 591
1498 3 0 197 591 960
1499 3 0 136 1050 603
1500 3 0 361 603 1050
1501 3 0 84 85 733
1502 3 0 303 908 591
1503 3 0 56 57 778
1504 3 0 134 924 918
1505 3 0 336 917 864
1506 3 0 245 555 1043
1507 3 0 55 56 980
1508 3 0 402 554 1073
1509 3 0 232 565 862
1510 3 0 316 798 1096
1511 3 0 137 1054 838
1512 3 0 505 838 1054
1513 3 0 301 599 824
1514 3 0 239 824 599
1515 3 0 229 593 797
1516 3 0 344 1070 581
1517 3 0 361 1050 977
1518 3 0 316 1096 883
1519 3 0 413 839 1066
1520 3 0 159 619 858
1521 3 0 122 1057 560
1522 3 0 223 558 1042
1523 3 0 399 999 851
1524 3 0 337 600 969
1525 3 0 113 969 600
1526 3 0 461 991 691
1527 3 0 331 918 717
1528 3 0 375 717 918
1529 3 0 345 561 1061
1530 3 0 106 107 749
1531 3 0 339 1037 561
1532 3 0 180 904 657
1533 3 0 500 1030 793
1534 3 0 219 563 967
1535 3 0 306 828 613
1536 3 0 177 613 828
1537 3 0 326 734 1078
1538 3 0 261 796 639
1539 3 0 543 1084 761
1540 3 0 591 908 1017
1541 3 0 356 652 981
1542 3 0 329 993 683
1543 3 0 326 1078 893
1544 3 0 275 1084 654
1545 3 0 401 654 1084
1546 3 0 390 945 672
1547 3 0 471 623 961
1548 3 0 313 622 974
1549 3 0 158 601 782
1550 3 0 266 600 988
1551 3 0 337 988 600
1552 3 0 355 979 954
1553 3 0 1 1001 43
1554 3 0 1 44 1001
1555 3 0 2 1002 62
1556 3 0 2 63 1002
1557 3 0 360 567 1081
1558 3 0 491 642 883
1559 3 0 227 955 569
1560 3 0 423 796 1038
1561 3 0 221 1052 1098
1562 3 0 456 698 988
1563 3 0 351 976 831
1564 3 0 258 681 1032
1565 3 0 394 1032 681
1566 3 0 86 87 802
1567 3 0 262 1033 588
1568 3 0 124 1058 567
1569 3 0 404 762 912
1570 3 0 8 578 890
1571 3 0 52 53 791
1572 3 0 368 847 1082
1573 3 0 165 569 944
1574 3 0 187 653 1044
1575 3 0 380 1044 653
1576 3 0 341 832 850
1577 3 0 134 637 924
1578 3 0 73 1018 617
1579 3 0 306 613 889
1580 3 0 101 102 929
1581 3 0 99 100 928
1582 3 0 371 816 887
1583 3 0 172 932 573
1584 3 0 339 748 635
1585 3 0 89 90 822
1586 3 0 65 66 805
1587 3 0 78 712 1041
1588 3 0 129 1071 671
1589 3 0 320 651 944
1590 3 0 301 885 716
1591 3 0 305 881 941
1592 3 0 450 992 996
1593 3 0 90 1011 822
1594 3 0 383 634 754
1595 3 0 17 962 630
1596 3 0 340 630 962
1597 3 0 22 23 812
1598 3 0 325 872 587
1599 3 0 398 574 1095
1600 3 0 329 790 984
1601 3 0 239 606 824
1602 3 0 149 1088 575
1603 3 0 253 622 861
1604 3 0 313 861 622
1605 3 0 281 755 636
1606 3 0 270 625 789
1607 3 0 300 873 590
1608 3 0 13 14 825
1609 3 0 157 607 849
1610 3 0 441 822 1011
1611 3 0 372 576 1028
1612 3 0 107 1086 749
1613 3 0 239 599 936
1614 3 0 377 711 729
1615 3 0 136 851 999
1616 3 0 331 797 1068
1617 3 0 291 631 892
1618 3 0 344 584 950
1619 3 0 336 864 597
1620 3 0 185 887 816
1621 3 0 434 761 760
1622 3 0 275 760 761
1623 3 0 294 767 768
1624 3 0 343 768 767
1625 3 0 286 841 609
1626 3 0 287 610 842
1627 3 0 132 793 1030
1628 3 0 391 1043 769
1629 3 0 175 580 1085
1630 3 0 258 1032 770
1631 3 0 145 1101 581
1632 3 0 344 581 1101
1633 3 0 19 983 583
1634 3 0 40 41 935
1635 3 0 325 587 928
1636 3 0 99 928 587
1637 3 0 200 714 1003
1638 3 0 393 1003 714
1639 3 0 637 978 829
1640 3 0 329 984 933
1641 3 0 294 849 607
1642 3 0 279 753 765
1643 3 0 368 765 753
1644 3 0 145 584 1101
1645 3 0 344 1101 584
1646 3 0 250 585 979
1647 3 0 244 1072 583
1648 3 0 179 869 629
1649 3 0 327 938 809
1650 3 0 412 941 881
1651 3 0 247 889 613
1652 3 0 82 83 860
1653 3 0 161 870 644
1654 3 0 38 39 916
1655 3 0 167 874 659
1656 3 0 366 1094 626
1657 3 0 265 626 1094
1658 3 0 293 806 629
1659 3 0 241 653 1047
1660 3 0 349 653 978
1661 3 0 187 978 653
1662 3 0 136 800 1050
1663 3 0 448 1050 800
1664 3 0 179 1034 640
1665 3 0 360 640 1034
1666 3 0 323 740 780
1667 3 0 113 114 969
1668 3 0 163 909 599
1669 3 0 179 640 869
1670 3 0 130 1017 908
1671 3 0 156 729 711
1672 3 0 367 892 922
1673 3 0 306 598 939
1674 3 0 280 586 995
1675 3 0 173 741 826
1676 3 0 340 826 741
1677 3 0 54 602 940
1678 3 0 5 6 966
1679 3 0 375 918 924
1680 3 0 143 939 598
1681 3 0 162 628 998
1682 3 0 538 965 598
1683 3 0 143 598 965
1684 3 0 289 859 858
1685 3 0 498 858 859
1686 3 0 581 1070 657
1687 3 0 253 861 620
1688 3 0 412 1068 797
1689 3 0 53 54 940
1690 3 0 49 50 997
1691 3 0 304 905 618
1692 3 0 369 963 594
1693 3 0 103 104 913
1694 3 0 254 621 1087
1695 3 0 359 1087 621
1696 3 0 330 591 1017
1697 3 0 388 791 940
1698 3 0 53 940 791
1699 3 0 333 996 992
1700 3 0 150 697 946
1701 3 0 356 946 697
1702 3 0 233 943 696
1703 3 0 354 696 943
1704 3 0 97 98 927
1705 3 0 33 34 1076
1706 3 0 259 592 1029
1707 3 0 289 692 837
1708 3 0 362 700 848
1709 3 0 246 848 700
1710 3 0 347 725 915
1711 3 0 375 1008 717
1712 3 0 353 1042 927
1713 3 0 233 624 875
1714 3 0 152 835 639
1715 3 0 179 593 1034
1716 3 0 131 658 871
1717 3 0 293 629 869
1718 3 0 9 10 1039
1719 3 0 362 901 764
1720 3 0 128 764 901
1721 3 0 17 18 962
1722 3 0 140 1065 807
1723 3 0 332 848 910
1724 3 0 179 629 941
1725 3 0 450 649 992
1726 3 0 407 904 897
1727 3 0 352 897 904
1728 3 0 247 1048 689
1729 3 0 486 662 1010
1730 3 0 191 952 1074
1731 3 0 181 977 608
1732 3 0 376 822 1053
1733 3 0 441 1053 822
1734 3 0 438 1023 603
1735 3 0 171 892 631
1736 3 0 264 989 607
1737 3 0 213 622 1069
1738 3 0 308 909 677
1739 3 0 371 803 919
1740 3 0 122 919 803
1741 3 0 305 667 881
1742 3 0 232 992 649
1743 3 0 502 747 833
1744 3 0 302 857 648
1745 3 0 90 91 1011
1746 3 0 261 605 1038
1747 3 0 157 1010 607
1748 3 0 73 74 1018
1749 3 0 27 28 1022
1750 3 0 277 814 693
1751 3 0 109 110 1026
1752 3 0 188 760 1064
1753 3 0 307 830 665
1754 3 0 77 78 1041
1755 3 0 26 611 1004
1756 3 0 316 883 642
1757 3 0 411 956 708
1758 3 0 378 628 914
1759 3 0 35 36 1063
1760 3 0 349 1047 653
1761 3 0 417 1064 916
1762 3 0 484 916 1064
1763 3 0 121 900 699
1764 3 0 116 646 879
1765 3 0 107 108 1086
1766 3 0 49 997 668
1767 3 0 348 668 997
1768 3 0 431 770 1032
1769 3 0 619 1024 858
1770 3 0 584 715 950
1771 3 0 262 685 1033
1772 3 0 255 656 959
1773 3 0 313 974 865
1774 3 0 322 780 740
1775 3 0 180 961 623
1776 3 0 311 887 708
1777 3 0 187 1044 784
1778 3 0 424 784 1044
1779 3 0 140 807 704
1780 3 0 304 1065 695
1781 3 0 121 664 865
1782 3 0 157 882 713
1783 3 0 305 941 629
1784 3 0 213 974 622
1785 3 0 296 744 820
1786 3 0 336 1000 917
1787 3 0 457 917 1000
1788 3 0 313 865 664
1789 3 0 335 966 632
1790 3 0 165 944 651
1791 3 0 288 924 637
1792 3 0 335 632 948
1793 3 0 275 761 1084
1794 3 0 297 898 650
1795 3 0 164 808 740
1796 3 0 298 1052 655
1797 3 0 171 922 892
1798 3 0 480 1069 616
1799 3 0 348 619 1012
1800 3 0 169 947 680
1801 3 0 316 1027 798
1802 3 0 40 935 686
1803 3 0 135 996 645
1804 3 0 333 645 996
1805 3 0 348 1024 619
1806 3 0 134 881 667
1807 3 0 485 726 987
1808 3 0 249 987 726
1809 3 0 161 957 827
1810 3 0 389 827 957
1811 3 0 6 632 966
1812 3 0 322 740 808
1813 3 0 344 1019 799
1814 3 0 336 902 1000
1815 3 0 339 635 1037
1816 3 0 174 1037 635
1817 3 0 386 868 951
1818 3 0 472 959 818
1819 3 0 494 750 1098
1820 3 0 296 998 628
1821 3 0 314 959 656
1822 3 0 332 910 660
1823 3 0 164 694 972
1824 3 0 190 853 934
1825 3 0 386 934 853
1826 3 0 101 929 785
1827 3 0 100 785 928
1828 3 0 182 722 1066
1829 3 0 349 978 637
1830 3 0 218 876 830
1831 3 0 258 990 681
1832 3 0 317 730 931
1833 3 0 141 951 868
1834 3 0 332 901 848
1835 3 0 306 889 840
1836 3 0 482 956 1060
1837 3 0 146 1060 956
1838 3 0 375 924 795
1839 3 0 288 795 924
1840 3 0 122 803 1091
1841 3 0 114 691 969
1842 3 0 418 903 1031
1843 3 0 183 779 985
1844 3 0 437 985 779
1845 3 0 370 821 942
1846 3 0 175 942 821
1847 3 0 142 937 752
1848 3 0 290 833 747
1849 3 0 311 803 887
1850 3 0 521 973 1099
1851 3 0 223 1099 973
1852 3 0 344 950 1019
1853 3 0 201 718 1092
1854 3 0 456 823 1088
1855 3 0 191 1074 845
1856 3 0 433 845 1074
1857 3 0 247 633 1048
1858 3 0 188 1064 817
1859 3 0 417 817 1064
1860 3 0 362 848 901
1861 3 0 185 708 887
1862 3 0 397 641 1027
1863 3 0 50 692 997
1864 3 0 367 922 852
1865 3 0 448 800 1099
1866 3 0 292 843 787
1867 3 0 310 680 947
1868 3 0 384 787 843
1869 3 0 245 1043 794
1870 3 0 391 794 1043
1871 3 0 357 985 953
1872 3 0 437 953 985
1873 3 0 180 657 1070
1874 3 0 238 765 1056
1875 3 0 277 793 1073
1876 3 0 402 1073 793
1877 3 0 371 887 803
1878 3 0 295 894 735
1879 3 0 348 692 1024
1880 3 0 289 1024 692
1881 3 0 37 1021 654
1882 3 0 254 1087 644
1883 3 0 166 911 806
1884 3 0 373 968 834
1885 3 0 138 834 968
1886 3 0 214 1008 795
1887 3 0 375 795 1008
1888 3 0 343 689 1048
1889 3 0 91 758 1011
1890 3 0 150 1082 697
1891 3 0 364 697 1082
1892 3 0 190 950 715
1893 3 0 338 727 1020
1894 3 0 479 930 1020
1895 3 0 423 1038 808
1896 3 0 327 877 878
1897 3 0 366 878 877
1898 3 0 172 703 964
1899 3 0 337 969 691
1900 3 0 332 660 1055
1901 3 0 319 688 1013
1902 3 0 177 676 1102
1903 3 0 358 1102 676
1904 3 0 332 792 901
1905 3 0 361 1078 734
1906 3 0 428 751 994
1907 3 0 75 931 730
1908 3 0 386 867 868
1909 3 0 324 868 867
1910 3 0 328 964 703
1911 3 0 264 738 989
1912 3 0 392 989 738
1913 3 0 368 1056 765
1914 3 0 328 702 1030
1915 3 0 169 854 947
1916 3 0 304 766 905
1917 3 0 170 663 1067
1918 3 0 232 862 992
1919 3 0 147 976 1005
1920 3 0 447 1005 976
1921 3 0 337 691 991
1922 3 0 173 912 762
1923 3 0 211 1083 780
1924 3 0 348 997 692
1925 3 0 193 801 1095
1926 3 0 398 1095 801
1927 3 0 338 1057 736
1928 3 0 128 901 792
1929 3 0 266 988 698
1930 3 0 363 671 1071
1931 3 0 381 1033 685
1932 3 0 323 780 1083
1933 3 0 399 907 999
1934 3 0 189 903 1036
1935 3 0 418 1036 903
1936 3 0 470 791 1040
1937 3 0 388 1040 791
1938 3 0 350 799 1019
1939 3 0 510 993 933
1940 3 0 177 1102 666
1941 3 0 346 707 1031
1942 3 0 202 1031 707
1943 3 0 168 1009 759
1944 3 0 430 840 889
1945 3 0 265 1094 671
1946 3 0 599 909 936
1947 3 0 427 947 854
1948 3 0 424 1044 920
1949 3 0 380 920 1044
1950 3 0 319 1013 719
1951 3 0 411 970 956
1952 3 0 146 956 970
1953 3 0 180 799 961
1954 3 0 350 961 799
1955 3 0 289 858 1024
1956 3 0 175 1085 717
1957 3 0 5 966 836
1958 3 0 325 928 785
1959 3 0 325 785 929
1960 3 0 134 1068 881
1961 3 0 314 818 959
1962 3 0 189 1036 813
1963 3 0 373 813 1036
1964 3 0 132 1030 702
1965 3 0 421 781 986
1966 3 0 140 695 1065
1967 3 0 444 786 995
1968 3 0 280 995 786
1969 3 0 317 757 972
1970 3 0 146 706 1060
1971 3 0 346 1060 706
1972 3 0 134 918 1068
1973 3 0 220 880 1051
1974 3 0 396 1051 880
1975 3 0 379 994 751
1976 3 0 431 964 952
1977 3 0 328 952 964
1978 3 0 334 852 922
1979 3 0 367 1079 704
1980 3 0 56 778 980
1981 3 0 335 836 966
1982 3 0 309 1025 835
1983 3 0 212 878 975
1984 3 0 366 975 878
1985 3 0 372 1028 845
1986 3 0 191 845 1028
1987 3 0 312 1066 722
1988 3 0 172 964 1080
1989 3 0 222 986 781
1990 3 0 187 829 978
1991 3 0 350 1019 934
1992 3 0 421 986 1059
1993 3 0 332 1055 792
1994 3 0 363 984 790
1995 3 0 330 759 1009
1996 3 0 331 717 1085
1997 3 0 296 884 998
1998 3 0 529 998 884
1999 3 0 354 943 942
2000 3 0 370 942 943
2001 3 0 345 800 999
2002 3 0 315 1092 718
2003 3 0 431 1080 964
2004 3 0 576 770 1028
2005 3 0 191 1028 770
2006 3 0 180 1070 799
2007 3 0 569 955 944
2008 3 0 136 999 800
2009 3 0 393 946 981
2010 3 0 340 1072 826
2011 3 0 386 951 934
2012 3 0 514 865 974
2013 3 0 308 936 909
2014 3 0 400 925 1041
2015 3 0 77 1041 925
2016 3 0 33 1076 953
2017 3 0 373 1036 968
2018 3 0 418 968 1036
2019 3 0 10 897 1039
2020 3 0 389 1059 986
2021 3 0 155 772 1100
2022 3 0 365 1100 772
2023 3 0 378 1098 750
2024 3 0 361 977 1078
2025 3 0 393 981 1062
2026 3 0 311 1091 803
2027 3 0 350 934 951
2028 3 0 277 1073 814
2029 3 0 333 992 862
2030 3 0 219 933 984
2031 3 0 554 814 1073
2032 3 0 320 944 955
2033 3 0 452 1014 1075
2034 3 0 390 1075 1014
2035 3 0 293 851 1023
2036 3 0 181 893 1078
2037 3 0 331 1068 918
2038 3 0 390 1014 945
2039 3 0 194 945 1014
2040 3 0 359 958 957
2041 3 0 389 957 958
2042 3 0 344 799 1070
2043 3 0 345 999 907
2044 3 0 438 1096 798
2045 3 0 380 1026 920
2046 3 0 110 920 1026
2047 3 0 356 981 946
2048 3 0 452 1075 970
2049 3 0 146 970 1075
2050 3 0 561 1037 1061
2051 3 0 174 1061 1037
2052 3 0 190 1019 950
2053 3 0 329 933 993
2054 3 0 311 891 1091
2055 3 0 203 1062 981
2056 3 0 346 1031 903
2057 3 0 199 1079 852
2058 3 0 367 852 1079
2059 3 0 462 960 1009
2060 3 0 330 1009 960
2061 3 0 352 1039 897
2062 3 0 364 1082 847
2063 3 0 394 932 1080
2064 3 0 172 1080 932
2065 3 0 403 1003 1062
2066 3 0 412 881 1068
2067 3 0 338 1020 930
2068 3 0 190 934 1019
2069 3 0 204 883 1096
2070 3 0 431 1032 1080
2071 3 0 394 1080 1032
2072 3 0 315 937 1092
2073 3 0 513 1092 937
2074 3 0 389 958 1059
2075 3 0 193 1059 958
2076 3 0 429 1091 891
2077 3 0 537 925 1093
2078 3 0 400 1093 925
2079 3 0 378 914 1098
2080 3 0 221 1098 914
2081 3 0 357 953 1076
2082 3 0 181 1078 977
2083 3 0 393 1062 1003
