0 -1.0000 0.0000 0 -1
1 1.0000 0.0000 0 -1
2 1.0000 1.0000 -1 0
3 -1.0000 1.0000 -1 0
4 0.0000 1.0000 0 0
5 -0.9500 0.0000 0 -1
6 -0.9000 0.0000 0 -1
7 -0.8500 0.0000 0 -1
8 -0.8000 0.0000 0 -1
9 -0.7500 0.0000 0 -1
10 -0.7000 0.0000 0 -1
11 -0.6500 0.0000 0 -1
12 -0.6000 0.0000 0 -1
13 -0.5500 0.0000 0 -1
14 -0.5000 0.0000 0 -1
15 -0.4500 0.0000 0 -1
16 -0.4000 0.0000 0 -1
17 -0.3500 0.0000 0 -1
18 -0.3000 0.0000 0 -1
19 -0.2500 0.0000 0 -1
20 -0.2000 0.0000 0 -1
21 -0.1500 0.0000 0 -1
22 -0.1000 0.0000 0 -1
23 -0.0500 0.0000 0 -1
24 -0.0000 0.0000 0 -1
25 0.0500 0.0000 0 -1
26 0.1000 0.0000 0 -1
27 0.1500 0.0000 0 -1
28 0.2000 0.0000 0 -1
29 0.2500 0.0000 0 -1
30 0.3000 0.0000 0 -1
31 0.3500 0.0000 0 -1
32 0.4000 0.0000 0 -1
33 0.4500 0.0000 0 -1
34 0.5000 0.0000 0 -1
35 0.5500 0.0000 0 -1
36 0.6000 0.0000 0 -1
37 0.6500 0.0000 0 -1
38 0.7000 0.0000 0 -1
39 0.7500 0.0000 0 -1
40 0.8000 0.0000 0 -1
41 0.8500 0.0000 0 -1
42 0.9000 0.0000 0 -1
43 0.9500 0.0000 0 -1
44 1.0000 0.0500 -1 0
45 1.0000 0.1000 -1 0
46 1.0000 0.1500 -1 0
47 1.0000 0.2000 -1 0
48 1.0000 0.2500 -1 0
49 1.0000 0.3000 -1 0
50 1.0000 0.3500 -1 0
51 1.0000 0.4000 -1 0
52 1.0000 0.4500 -1 0
53 1.0000 0.5000 -1 0
54 1.0000 0.5500 -1 0
55 1.0000 0.6000 -1 0
56 1.0000 0.6500 -1 0
57 1.0000 0.7000 -1 0
58 1.0000 0.7500 -1 0
59 1.0000 0.8000 -1 0
60 1.0000 0.8500 -1 0
61 1.0000 0.9000 -1 0
62 1.0000 0.9500 -1 0
63 0.9500 1.0000 0 0
64 0.9000 1.0000 0 0
65 0.8500 1.0000 0 0
66 0.8000 1.0000 0 0
67 0.7500 1.0000 0 0
68 0.7000 1.0000 0 0
69 0.6500 1.0000 0 0
70 0.6000 1.0000 0 0
71 0.5500 1.0000 0 0
72 0.5000 1.0000 0 0
73 0.4500 1.0000 0 0
74 0.4000 1.0000 0 0
75 0.3500 1.0000 0 0
76 0.3000 1.0000 0 0
77 0.2500 1.0000 0 0
78 0.2000 1.0000 0 0
79 0.1500 1.0000 0 0
80 0.1000 1.0000 0 0
81 0.0500 1.0000 0 0
82 -0.0500 1.0000 0 0
83 -0.1000 1.0000 0 0
84 -0.1500 1.0000 0 0
85 -0.2000 1.0000 0 0
86 -0.2500 1.0000 0 0
87 -0.3000 1.0000 0 0
88 -0.3500 1.0000 0 0
89 -0.4000 1.0000 0 0
90 -0.4500 1.0000 0 0
91 -0.5000 1.0000 0 0
92 -0.5500 1.0000 0 0
93 -0.6000 1.0000 0 0
94 -0.6500 1.0000 0 0
95 -0.7000 1.0000 0 0
96 -0.7500 1.0000 0 0
97 -0.8000 1.0000 0 0
98 -0.8500 1.0000 0 0
99 -0.9000 1.0000 0 0
100 -0.9500 1.0000 0 0
101 -1.0000 0.9500 -1 0
102 -1.0000 0.9000 -1 0
103 -1.0000 0.8500 -1 0
104 -1.0000 0.8000 -1 0
105 -1.0000 0.7500 -1 0
106 -1.0000 0.7000 -1 0
107 -1.0000 0.6500 -1 0
108 -1.0000 0.6000 -1 0
109 -1.0000 0.5500 -1 0
110 -1.0000 0.5000 -1 0
111 -1.0000 0.4500 -1 0
112 -1.0000 0.4000 -1 0
113 -1.0000 0.3500 -1 0
114 -1.0000 0.3000 -1 0
115 -1.0000 0.2500 -1 0
116 -1.0000 0.2000 -1 0
117 -1.0000 0.1500 -1 0
118 -1.0000 0.1000 -1 0
119 -1.0000 0.0500 -1 0
120 -0.3226 0.5084 0 0
121 0.4750 0.5000 0 0
122 0.0776 0.4084 0 0
123 -0.6413 0.6504 0 0
124 -0.5990 0.3250 0 0
125 -0.0713 0.6881 0 0
126 0.2278 0.6900 0 0
127 0.6992 0.6973 0 0
128 0.6996 0.3004 0 0
129 -0.1637 0.2733 0 0
130 0.3112 0.2680 0 0
131 -0.4084 0.7431 0 0
132 0.4664 0.7598 0 0
133 -0.3931 0.2365 0 0
134 -0.7754 0.4617 0 0
135 0.7809 0.4974 0 0
136 -0.7821 0.2078 0 0
137 0.5129 0.2079 0 0
138 0.2746 0.4861 0 0
139 0.0347 0.2083 0 0
140 -0.1090 0.4829 0 0
141 -0.7930 0.7930 0 0
142 -0.2216 0.8095 0 0
143 0.0813 0.8077 0 0
144 -0.5186 0.5012 0 0
145 -0.5624 0.8211 0 0
146 0.0821 0.5925 0 0
147 0.8350 0.8267 0 0
148 0.8295 0.1696 0 0
149 -0.8271 0.6248 0 0
150 -0.2268 0.6494 0 0
151 -0.5388 0.1528 0 0
152 0.1910 0.1657 0 0
153 0.3133 0.8379 0 0
154 0.6136 0.8426 0 0
155 0.6328 0.5573 0 0
156 0.5530 0.3616 0 0
157 0.3796 0.6269 0 0
158 -0.0732 0.8435 0 0
159 0.8448 0.3471 0 0
160 0.8429 0.6474 0 0
161 -0.4185 0.3837 0 0
162 0.6563 0.1486 0 0
163 -0.2539 0.1490 0 0
164 0.3789 0.1456 0 0
165 -0.1023 0.1436 0 0
166 -0.8568 0.3421 0 0
167 -0.2796 0.3633 0 0
168 0.1764 0.3093 0 0
169 -0.5078 0.6440 0 0
170 0.4090 0.3784 0 0
171 -0.0523 0.3563 0 0
172 0.5128 0.6303 0 0
173 -0.3478 0.8644 0 0
174 -0.6760 0.1353 0 0
175 -0.6488 0.5174 0 0
176 0.6782 0.4317 0 0
177 0.1934 0.8699 0 0
178 -0.3823 0.6093 0 0
179 -0.7280 0.3397 0 0
180 -0.6964 0.8736 0 0
181 -0.8661 0.1212 0 0
182 -0.4768 0.8703 0 0
183 0.4342 0.8782 0 0
184 -0.8789 0.8757 0 0
185 -0.0357 0.5734 0 0
186 -0.4361 0.1233 0 0
187 -0.8761 0.5246 0 0
188 0.7216 0.8787 0 0
189 0.1471 0.4946 0 0
190 -0.6858 0.7460 0 0
191 0.5867 0.7239 0 0
192 -0.8861 0.7272 0 0
193 -0.4827 0.2812 0 0
194 0.0378 0.7111 0 0
195 0.0933 0.1116 0 0
196 0.8883 0.4601 0 0
197 0.2618 0.3777 0 0
198 -0.6802 0.2455 0 0
199 -0.1803 0.3822 0 0
200 -0.2189 0.5355 0 0
201 -0.2941 0.7255 0 0
202 0.2227 0.5860 0 0
203 -0.8976 0.2413 0 0
204 0.3602 0.7343 0 0
205 0.7265 0.5916 0 0
206 0.5570 0.0970 0 0
207 0.9130 0.2584 0 0
208 0.8857 0.7369 0 0
209 0.2808 0.1060 0 0
210 0.4164 0.2736 0 0
211 -0.2933 0.2487 0 0
212 0.3768 0.5208 0 0
213 -0.7353 0.5840 0 0
214 -0.0244 0.4710 0 0
215 0.0219 0.9023 0 0
216 -0.1716 0.9003 0 0
217 0.0708 0.3102 0 0
218 0.5998 0.2717 0 0
219 -0.1375 0.5969 0 0
220 -0.0662 0.2588 0 0
221 0.5784 0.4685 0 0
222 0.7507 0.1141 0 0
223 -0.5348 0.4035 0 0
224 -0.7769 0.0981 0 0
225 -0.1741 0.7160 0 0
226 0.9051 0.9053 0 0
227 0.9017 0.0949 0 0
228 -0.0079 0.0976 0 0
229 0.1358 0.7242 0 0
230 -0.6535 0.4099 0 0
231 -0.5690 0.7050 0 0
232 0.5433 0.9086 0 0
233 0.8948 0.5574 0 0
234 -0.4130 0.5308 0 0
235 -0.7364 0.6683 0 0
236 0.8017 0.2691 0 0
237 0.7936 0.7307 0 0
238 -0.3428 0.0940 0 0
239 -0.7926 0.9103 0 0
240 -0.5821 0.5728 0 0
241 -0.9120 0.4252 0 0
242 0.1755 0.4101 0 0
243 -0.1765 0.0900 0 0
244 -0.2603 0.9049 0 0
245 0.4612 0.0936 0 0
246 0.7649 0.4092 0 0
247 0.2365 0.7862 0 0
248 -0.6054 0.9065 0 0
249 0.6863 0.7958 0 0
250 -0.0315 0.7634 0 0
251 -0.4978 0.7657 0 0
252 0.1241 0.2304 0 0
253 0.3405 0.4316 0 0
254 -0.3655 0.3181 0 0
255 0.7361 0.1981 0 0
256 0.1108 0.9092 0 0
257 -0.5968 0.0906 0 0
258 0.6312 0.6516 0 0
259 0.2730 0.9166 0 0
260 -0.2443 0.4414 0 0
261 0.2754 0.1953 0 0
262 0.8129 0.9166 0 0
263 0.3089 0.5794 0 0
264 -0.1779 0.1855 0 0
265 0.0675 0.5009 0 0
266 -0.2938 0.5781 0 0
267 -0.9134 0.5973 0 0
268 -0.5868 0.2482 0 0
269 0.1522 0.6438 0 0
270 0.5428 0.5505 0 0
271 0.1781 0.0847 0 0
272 -0.3457 0.4172 0 0
273 0.3577 0.9153 0 0
274 0.4861 0.4080 0 0
275 0.5063 0.2897 0 0
276 0.6499 0.9242 0 0
277 0.4483 0.5796 0 0
278 0.5339 0.8133 0 0
279 0.4517 0.6793 0 0
280 -0.5068 0.0749 0 0
281 -0.4697 0.2047 0 0
282 0.7073 0.5020 0 0
283 -0.9165 0.8045 0 0
284 0.6343 0.3546 0 0
285 -0.1422 0.7992 0 0
286 0.9193 0.1838 0 0
287 0.9191 0.8162 0 0
288 -0.8029 0.5408 0 0
289 0.9216 0.3872 0 0
290 0.3931 0.8090 0 0
291 -0.5891 0.4596 0 0
292 -0.7900 0.2953 0 0
293 0.3059 0.6565 0 0
294 0.9253 0.6582 0 0
295 -0.4541 0.4549 0 0
296 0.6307 0.0775 0 0
297 -0.0752 0.9215 0 0
298 0.8225 0.0761 0 0
299 -0.3996 0.9206 0 0
300 -0.4174 0.8234 0 0
301 -0.3294 0.1771 0 0
302 0.8096 0.5783 0 0
303 0.3380 0.3531 0 0
304 -0.7916 0.3868 0 0
305 0.1572 0.8008 0 0
306 0.5884 0.1907 0 0
307 -0.2655 0.0758 0 0
308 0.2126 0.2388 0 0
309 -0.4346 0.6707 0 0
310 -0.5237 0.9273 0 0
311 0.4155 0.4582 0 0
312 0.6654 0.2277 0 0
313 -0.3055 0.8019 0 0
314 -0.9246 0.3103 0 0
315 -0.0101 0.6435 0 0
316 0.3559 0.0744 0 0
317 -0.4845 0.5688 0 0
318 0.7705 0.6586 0 0
319 -0.0811 0.0744 0 0
320 -0.0037 0.3008 0 0
321 0.4389 0.1934 0 0
322 0.3595 0.2125 0 0
323 -0.8121 0.7203 0 0
324 -0.9275 0.0737 0 0
325 -0.9289 0.1738 0 0
326 -0.3182 0.6540 0 0
327 -0.2303 0.3073 0 0
328 0.5148 0.7083 0 0
329 -0.0400 0.1857 0 0
330 0.2491 0.3046 0 0
331 -0.7026 0.4617 0 0
332 0.7649 0.3369 0 0
333 -0.1222 0.3328 0 0
334 -0.1066 0.4088 0 0
335 -0.9305 0.9305 0 0
336 -0.9306 0.6689 0 0
337 0.1263 0.3545 0 0
338 -0.6168 0.1730 0 0
339 0.0032 0.3979 0 0
340 -0.3332 0.9296 0 0
341 -0.7084 0.0678 0 0
342 0.2895 0.7381 0 0
343 -0.6476 0.8178 0 0
344 -0.7194 0.1894 0 0
345 0.1520 0.5700 0 0
346 0.0098 0.8266 0 0
347 0.9307 0.3216 0 0
348 -0.8435 0.4631 0 0
349 -0.7246 0.8127 0 0
350 -0.5764 0.6544 0 0
351 0.7629 0.7930 0 0
352 -0.7326 0.9328 0 0
353 -0.8448 0.0763 0 0
354 -0.0926 0.7626 0 0
355 0.4730 0.9351 0 0
356 0.1750 0.9360 0 0
357 -0.4198 0.3103 0 0
358 -0.6617 0.5759 0 0
359 -0.6660 0.3123 0 0
360 -0.8494 0.1864 0 0
361 0.7052 0.3682 0 0
362 0.8311 0.4235 0 0
363 -0.1140 0.2116 0 0
364 0.8493 0.5153 0 0
365 -0.2360 0.7477 0 0
366 0.6370 0.4855 0 0
367 -0.2249 0.2376 0 0
368 -0.3930 0.4656 0 0
369 -0.1421 0.6677 0 0
370 0.6302 0.7737 0 0
371 0.2054 0.4527 0 0
372 -0.8465 0.9383 0 0
373 -0.7331 0.5153 0 0
374 -0.3946 0.0680 0 0
375 0.4772 0.3483 0 0
376 0.6963 0.0643 0 0
377 0.0458 0.0655 0 0
378 -0.0959 0.5462 0 0
379 -0.9355 0.4704 0 0
380 -0.3683 0.6881 0 0
381 -0.3647 0.5571 0 0
382 -0.8636 0.8216 0 0
383 -0.1730 0.4519 0 0
384 -0.5897 0.3897 0 0
385 0.2482 0.8422 0 0
386 -0.7522 0.7478 0 0
387 -0.4891 0.6954 0 0
388 -0.0762 0.6212 0 0
389 0.9325 0.5148 0 0
390 -0.5455 0.3206 0 0
391 0.0903 0.6528 0 0
392 -0.6479 0.7141 0 0
393 0.0144 0.5544 0 0
394 -0.5140 0.8336 0 0
395 0.5058 0.1560 0 0
396 0.2595 0.6332 0 0
397 0.5779 0.6066 0 0
398 0.6168 0.4051 0 0
399 -0.9335 0.3676 0 0
400 -0.5338 0.2374 0 0
401 -0.7304 0.2586 0 0
402 0.2228 0.0626 0 0
403 0.5800 0.9353 0 0
404 0.4666 0.8183 0 0
405 -0.3515 0.7894 0 0
406 0.0372 0.1439 0 0
407 -0.6568 0.9377 0 0
408 0.5074 0.0626 0 0
409 -0.3998 0.1604 0 0
410 0.1264 0.1666 0 0
411 -0.7279 0.4073 0 0
412 -0.4793 0.9536 0 0
413 -0.9408 0.8692 0 0
414 -0.1528 0.5316 0 0
415 0.7494 0.9482 0 0
416 0.2092 0.5358 0 0
417 0.4148 0.0641 0 0
418 0.0386 0.7606 0 0
419 -0.2100 0.9390 0 0
420 -0.1987 0.5888 0 0
421 -0.6128 0.7669 0 0
422 0.3277 0.1500 0 0
423 -0.4769 0.3497 0 0
424 -0.9401 0.5466 0 0
425 0.9381 0.6055 0 0
426 -0.6447 0.0635 0 0
427 -0.4387 0.6103 0 0
428 0.1190 0.0578 0 0
429 0.1265 0.4417 0 0
430 0.1978 0.7392 0 0
431 0.5668 0.6647 0 0
432 0.6890 0.6398 0 0
433 0.6701 0.8490 0 0
434 0.9347 0.0648 0 0
435 0.9381 0.9435 0 0
436 0.4072 0.9414 0 0
437 -0.8276 0.2607 0 0
438 -0.7057 0.6357 0 0
439 0.3758 0.2994 0 0
440 -0.4623 0.0653 0 0
441 0.7409 0.4606 0 0
442 -0.0273 0.9483 0 0
443 -0.4856 0.1514 0 0
444 0.0607 0.9400 0 0
445 0.1150 0.8559 0 0
446 0.7660 0.8606 0 0
447 -0.8042 0.1663 0 0
448 -0.8614 0.5798 0 0
449 0.8565 0.9408 0 0
450 0.8498 0.3048 0 0
451 0.8525 0.6962 0 0
452 -0.1226 0.9498 0 0
453 -0.8824 0.6735 0 0
454 -0.0189 0.6985 0 0
455 0.3744 0.8596 0 0
456 0.8417 0.2218 0 0
457 0.8474 0.7733 0 0
458 -0.9325 0.7497 0 0
459 0.2096 0.3604 0 0
460 0.0455 0.3603 0 0
461 -0.2176 0.8659 0 0
462 -0.5625 0.8685 0 0
463 -0.7729 0.6256 0 0
464 -0.1256 0.0479 0 0
465 -0.2633 0.4982 0 0
466 0.6434 0.6998 0 0
467 -0.8391 0.3860 0 0
468 0.5464 0.7531 0 0
469 0.5805 0.0547 0 0
470 -0.5945 0.5255 0 0
471 0.2832 0.4312 0 0
472 0.9395 0.4384 0 0
473 -0.7709 0.8414 0 0
474 0.7390 0.2536 0 0
475 0.4180 0.7215 0 0
476 0.9510 0.2237 0 0
477 0.9443 0.7656 0 0
478 -0.0690 0.5036 0 0
479 0.2302 0.1160 0 0
480 -0.4416 0.2595 0 0
481 0.1235 0.2847 0 0
482 -0.3004 0.4469 0 0
483 0.3078 0.5243 0 0
484 -0.2315 0.3921 0 0
485 -0.6950 0.7011 0 0
486 -0.1807 0.3302 0 0
487 -0.0371 0.4237 0 0
488 0.6920 0.9436 0 0
489 0.7364 0.7380 0 0
490 0.3940 0.5755 0 0
491 0.9408 0.1384 0 0
492 0.9412 0.8616 0 0
493 0.2598 0.5441 0 0
494 -0.9472 0.2270 0 0
495 -0.3479 0.2584 0 0
496 -0.3030 0.3068 0 0
497 0.7732 0.0495 0 0
498 0.0659 0.8624 0 0
499 0.8710 0.0488 0 0
500 0.0437 0.4596 0 0
501 0.3840 0.6831 0 0
502 0.0713 0.2493 0 0
503 0.3211 0.7724 0 0
504 0.7695 0.1604 0 0
505 0.7116 0.1456 0 0
506 0.5504 0.2583 0 0
507 -0.1255 0.8538 0 0
508 0.6744 0.5857 0 0
509 0.7483 0.5357 0 0
510 -0.0109 0.2500 0 0
511 0.5443 0.4154 0 0
512 -0.0347 0.8858 0 0
513 -0.2578 0.6891 0 0
514 0.4258 0.5264 0 0
515 0.2206 0.9492 0 0
516 -0.2947 0.8532 0 0
517 -0.8370 0.7648 0 0
518 -0.9554 0.1261 0 0
519 -0.5647 0.7646 0 0
520 0.5553 0.3062 0 0
521 -0.7181 0.1424 0 0
522 -0.5556 0.2825 0 0
523 0.8510 0.8859 0 0
524 0.6498 0.3004 0 0
525 0.2658 0.2508 0 0
526 0.5148 0.4586 0 0
527 -0.2842 0.1952 0 0
528 0.1749 0.6868 0 0
529 0.6035 0.1379 0 0
530 0.8472 0.1252 0 0
531 0.4246 0.3298 0 0
532 0.4702 0.2422 0 0
533 0.5782 0.5199 0 0
534 0.0402 0.6251 0 0
535 -0.0323 0.0483 0 0
536 -0.8267 0.8657 0 0
537 0.3013 0.0574 0 0
538 -0.8751 0.2867 0 0
539 0.0819 0.7366 0 0
540 -0.2242 0.0484 0 0
541 0.7870 0.2136 0 0
542 -0.3661 0.3755 0 0
543 -0.1157 0.2880 0 0
544 -0.0215 0.5227 0 0
545 0.5837 0.8838 0 0
546 0.3199 0.9484 0 0
547 -0.5371 0.4570 0 0
548 -0.5573 0.0535 0 0
549 -0.1871 0.6717 0 0
550 0.0756 0.1789 0 0
551 -0.4704 0.3950 0 0
552 0.2051 0.6417 0 0
553 -0.6377 0.3620 0 0
554 -0.2025 0.1424 0 0
555 0.9441 0.7113 0 0
556 0.8567 0.5910 0 0
557 0.4750 0.8668 0 0
558 0.4337 0.1440 0 0
559 -0.3130 0.0504 0 0
560 0.2304 0.4139 0 0
561 -0.7748 0.0483 0 0
562 -0.5723 0.9527 0 0
563 0.5841 0.7954 0 0
564 -0.6693 0.1955 0 0
565 -0.0724 0.3131 0 0
566 0.5250 0.9532 0 0
567 -0.1848 0.7730 0 0
568 -0.6229 0.2797 0 0
569 -0.4479 0.7833 0 0
570 0.1110 0.5414 0 0
571 -0.1531 0.1377 0 0
572 -0.0500 0.1343 0 0
573 -0.5296 0.5951 0 0
574 0.6782 0.7455 0 0
575 0.4956 0.5812 0 0
576 -0.8011 0.6742 0 0
577 -0.7711 0.9604 0 0
578 -0.2481 0.5732 0 0
579 0.7317 0.8254 0 0
580 -0.6476 0.4612 0 0
581 -0.3604 0.7366 0 0
582 -0.6063 0.8507 0 0
583 0.4621 0.6300 0 0
584 -0.2776 0.9605 0 0
585 -0.4634 0.5056 0 0
586 -0.5503 0.1055 0 0
587 -0.8797 0.0431 0 0
588 0.1706 0.2115 0 0
589 -0.3969 0.8729 0 0
590 0.2911 0.3346 0 0
591 0.3180 0.8894 0 0
592 -0.5357 0.6763 0 0
593 -0.6877 0.3768 0 0
594 -0.1103 0.7110 0 0
595 -0.1763 0.8359 0 0
596 0.1154 0.7724 0 0
597 -0.3039 0.1376 0 0
598 -0.9548 0.6295 0 0
599 -0.0638 0.7956 0 0
600 0.9543 0.5584 0 0
601 -0.9599 0.4238 0 0
602 -0.7041 0.5483 0 0
603 0.3130 0.2291 0 0
604 -0.3903 0.1129 0 0
605 -0.4638 0.8287 0 0
606 0.3298 0.6234 0 0
607 -0.8180 0.1170 0 0
608 0.8730 0.8072 0 0
609 0.8762 0.1887 0 0
610 0.1291 0.9558 0 0
611 -0.5390 0.5445 0 0
612 -0.6255 0.6037 0 0
613 0.7918 0.4446 0 0
614 0.8904 0.6214 0 0
615 0.2010 0.8208 0 0
616 0.3130 0.3915 0 0
617 0.5481 0.1581 0 0
618 0.3151 0.4737 0 0
619 0.4623 0.0425 0 0
620 0.7968 0.3698 0 0
621 0.8876 0.3312 0 0
622 0.3629 0.3882 0 0
623 -0.3904 0.2784 0 0
624 0.8788 0.4120 0 0
625 0.3671 0.4727 0 0
626 -0.7385 0.8849 0 0
627 -0.4071 0.5733 0 0
628 0.1398 0.1090 0 0
629 -0.2277 0.1944 0 0
630 -0.3890 0.4201 0 0
631 0.1698 0.2596 0 0
632 0.6695 0.1066 0 0
633 -0.7714 0.3425 0 0
634 -0.3696 0.9557 0 0
635 -0.8899 0.9572 0 0
636 0.2842 0.8020 0 0
637 -0.0071 0.3517 0 0
638 -0.2100 0.4814 0 0
639 -0.6336 0.1233 0 0
640 -0.4433 0.1674 0 0
641 -0.8356 0.5056 0 0
642 -0.8000 0.5835 0 0
643 0.2395 0.1710 0 0
644 -0.7009 0.2973 0 0
645 -0.2930 0.5356 0 0
646 -0.8843 0.3811 0 0
647 -0.9589 0.2755 0 0
648 -0.9575 0.8252 0 0
649 0.7753 0.6151 0 0
650 0.8333 0.4751 0 0
651 0.7172 0.4128 0 0
652 -0.1146 0.9012 0 0
653 -0.1200 0.1009 0 0
654 -0.2762 0.6293 0 0
655 -0.3249 0.3513 0 0
656 -0.8863 0.4750 0 0
657 0.6200 0.9589 0 0
658 -0.0768 0.4473 0 0
659 0.1063 0.4842 0 0
660 0.8000 0.1222 0 0
661 0.6859 0.1882 0 0
662 -0.2836 0.7686 0 0
663 -0.6548 0.8764 0 0
664 0.8874 0.8505 0 0
665 -0.6231 0.5576 0 0
666 0.3476 0.5530 0 0
667 0.0029 0.6001 0 0
668 0.4342 0.4175 0 0
669 0.4603 0.4548 0 0
670 0.8027 0.3201 0 0
671 0.6197 0.2253 0 0
672 0.2326 0.8957 0 0
673 -0.8144 0.4327 0 0
674 0.9523 0.2816 0 0
675 -0.4479 0.7268 0 0
676 0.8877 0.1482 0 0
677 -0.2713 0.4085 0 0
678 0.0314 0.2741 0 0
679 -0.1514 0.2190 0 0
680 0.1267 0.6802 0 0
681 -0.6086 0.0428 0 0
682 0.5349 0.5054 0 0
683 -0.1755 0.6224 0 0
684 0.1546 0.8947 0 0
685 -0.2315 0.1034 0 0
686 0.6211 0.5979 0 0
687 -0.6308 0.2308 0 0
688 -0.0051 0.1532 0 0
689 -0.4243 0.9590 0 0
690 0.7912 0.9550 0 0
691 0.3681 0.9605 0 0
692 -0.5301 0.7257 0 0
693 0.7492 0.6949 0 0
694 -0.1408 0.7523 0 0
695 -0.3308 0.6049 0 0
696 0.2454 0.7372 0 0
697 0.5998 0.3260 0 0
698 -0.9573 0.7074 0 0
699 0.9557 0.3590 0 0
700 -0.3777 0.5014 0 0
701 0.5685 0.8389 0 0
702 0.4011 0.1056 0 0
703 -0.8719 0.6288 0 0
704 0.5009 0.5369 0 0
705 -0.3642 0.0427 0 0
706 0.4718 0.7151 0 0
707 0.4904 0.6682 0 0
708 -0.6169 0.9594 0 0
709 0.1259 0.6057 0 0
710 0.1764 0.6031 0 0
711 0.3812 0.3418 0 0
712 -0.5743 0.1967 0 0
713 0.5145 0.3749 0 0
714 0.1788 0.0379 0 0
715 0.4194 0.6134 0 0
716 -0.3245 0.2165 0 0
717 0.8063 0.6874 0 0
718 0.8990 0.9590 0 0
719 0.2723 0.9621 0 0
720 -0.6098 0.6800 0 0
721 -0.5182 0.8855 0 0
722 0.0219 0.4964 0 0
723 0.9622 0.1792 0 0
724 0.9609 0.8187 0 0
725 -0.0324 0.8270 0 0
726 0.1629 0.3600 0 0
727 0.5863 0.5633 0 0
728 0.5213 0.3361 0 0
729 0.3799 0.0336 0 0
730 -0.1717 0.9615 0 0
731 -0.1752 0.0373 0 0
732 -0.1382 0.3722 0 0
733 -0.8842 0.1618 0 0
734 0.8972 0.6925 0 0
735 0.1256 0.3908 0 0
736 0.7032 0.5474 0 0
737 0.2655 0.5905 0 0
738 0.5877 0.3818 0 0
739 0.4069 0.2270 0 0
740 -0.3503 0.4605 0 0
741 -0.3620 0.9060 0 0
742 0.4590 0.2967 0 0
743 -0.9617 0.5847 0 0
744 0.6577 0.0431 0 0
745 0.8915 0.5038 0 0
746 0.0214 0.9610 0 0
747 -0.8872 0.7735 0 0
748 0.3548 0.8106 0 0
749 -0.0604 0.7259 0 0
750 -0.5851 0.1403 0 0
751 -0.9653 0.3297 0 0
752 0.7299 0.0376 0 0
753 0.0799 0.0386 0 0
754 -0.2524 0.8424 0 0
755 -0.4233 0.2054 0 0
756 0.7342 0.6463 0 0
757 0.3216 0.1093 0 0
758 -0.5173 0.0337 0 0
759 0.2148 0.2805 0 0
760 0.6802 0.8960 0 0
761 0.6341 0.8846 0 0
762 -0.3734 0.8277 0 0
763 -0.4977 0.4372 0 0
764 0.6655 0.3901 0 0
765 0.6751 0.3360 0 0
766 -0.8329 0.3074 0 0
767 0.2781 0.6966 0 0
768 0.3272 0.7056 0 0
769 0.4799 0.1803 0 0
770 -0.5125 0.1947 0 0
771 0.5029 0.7846 0 0
772 0.6634 0.5234 0 0
773 -0.3299 0.6942 0 0
774 0.6743 0.4721 0 0
775 0.4241 0.7821 0 0
776 0.6416 0.8123 0 0
777 -0.3104 0.3930 0 0
778 0.9660 0.6713 0 0
779 0.3978 0.9007 0 0
780 0.3971 0.1845 0 0
781 -0.0994 0.8109 0 0
782 -0.3194 0.7650 0 0
783 -0.9069 0.8439 0 0
784 -0.8986 0.5573 0 0
785 -0.9582 0.0418 0 0
786 -0.5620 0.4950 0 0
787 -0.4746 0.1050 0 0
788 0.8075 0.5328 0 0
789 -0.6112 0.4264 0 0
790 0.1757 0.1272 0 0
791 -0.0836 0.1821 0 0
792 0.9631 0.4792 0 0
793 0.7552 0.3022 0 0
794 0.5101 0.1126 0 0
795 -0.7592 0.5462 0 0
796 -0.7796 0.5034 0 0
797 -0.1514 0.4159 0 0
798 -0.2168 0.6981 0 0
799 0.2803 0.1482 0 0
800 -0.6925 0.4211 0 0
801 -0.6855 0.7989 0 0
802 -0.7564 0.1760 0 0
803 -0.4859 0.2449 0 0
804 -0.2744 0.0345 0 0
805 -0.1534 0.4901 0 0
806 0.3566 0.2596 0 0
807 0.3549 0.1763 0 0
808 0.8246 0.0342 0 0
809 -0.2280 0.3503 0 0
810 -0.1372 0.1766 0 0
811 -0.0750 0.9646 0 0
812 0.1661 0.4578 0 0
813 0.5279 0.8622 0 0
814 0.4279 0.8357 0 0
815 0.7663 0.9051 0 0
816 0.6923 0.2594 0 0
817 -0.2039 0.4217 0 0
818 -0.4271 0.4853 0 0
819 0.6238 0.0351 0 0
820 -0.4241 0.0340 0 0
821 -0.8488 0.7048 0 0
822 -0.8136 0.3434 0 0
823 -0.3540 0.1440 0 0
824 -0.5250 0.9667 0 0
825 -0.3160 0.8946 0 0
826 -0.3960 0.6552 0 0
827 0.1592 0.8425 0 0
828 0.6321 0.1855 0 0
829 0.8035 0.7768 0 0
830 -0.6839 0.0382 0 0
831 0.3786 0.7716 0 0
832 0.0828 0.4501 0 0
833 0.2454 0.4541 0 0
834 0.2146 0.1995 0 0
835 -0.9598 0.9598 0 0
836 0.9586 0.4012 0 0
837 0.5539 0.2135 0 0
838 -0.4431 0.9062 0 0
839 0.1605 0.7636 0 0
840 0.8930 0.2233 0 0
841 0.9006 0.7800 0 0
842 -0.5699 0.4259 0 0
843 -0.4679 0.6442 0 0
844 0.0111 0.0423 0 0
845 0.5997 0.6883 0 0
846 0.7448 0.3718 0 0
847 0.3470 0.6589 0 0
848 -0.7326 0.0391 0 0
849 -0.0506 0.6529 0 0
850 -0.0339 0.6182 0 0
851 -0.7790 0.2547 0 0
852 -0.8183 0.8173 0 0
853 -0.6808 0.0941 0 0
854 0.8159 0.6153 0 0
855 -0.0770 0.0336 0 0
856 0.3852 0.4263 0 0
857 0.0310 0.3193 0 0
858 0.0350 0.1061 0 0
859 -0.5702 0.3539 0 0
860 0.4360 0.4866 0 0
861 -0.7875 0.7527 0 0
862 -0.7719 0.7141 0 0
863 -0.0925 0.5809 0 0
864 -0.7500 0.2980 0 0
865 -0.4018 0.3471 0 0
866 0.8829 0.3695 0 0
867 -0.3959 0.7837 0 0
868 -0.3558 0.6505 0 0
869 -0.4061 0.7030 0 0
870 -0.8861 0.0904 0 0
871 -0.4451 0.5596 0 0
872 -0.2528 0.2742 0 0
873 -0.2061 0.2758 0 0
874 -0.9626 0.7847 0 0
875 0.6326 0.4402 0 0
876 -0.7683 0.4218 0 0
877 0.4162 0.6572 0 0
878 -0.9207 0.2681 0 0
879 0.5996 0.0969 0 0
880 -0.6900 0.5000 0 0
881 -0.3677 0.1961 0 0
882 0.7441 0.4995 0 0
883 -0.4250 0.4239 0 0
884 0.0922 0.3571 0 0
885 0.0712 0.9023 0 0
886 0.1906 0.7821 0 0
887 -0.8120 0.9618 0 0
888 0.7238 0.3351 0 0
889 0.6454 0.2569 0 0
890 0.9604 0.0944 0 0
891 0.9604 0.9056 0 0
892 -0.4386 0.8594 0 0
893 -0.6927 0.9607 0 0
894 -0.0795 0.8838 0 0
895 -0.9603 0.9040 0 0
896 0.4669 0.5441 0 0
897 0.1655 0.5333 0 0
898 -0.6938 0.9113 0 0
899 -0.0612 0.5434 0 0
900 0.8606 0.0863 0 0
901 -0.9081 0.1245 0 0
902 -0.7108 0.2246 0 0
903 0.3340 0.3083 0 0
904 -0.3002 0.0949 0 0
905 0.0330 0.6686 0 0
906 -0.3340 0.8275 0 0
907 -0.9683 0.1751 0 0
908 0.5005 0.7442 0 0
909 0.7102 0.1018 0 0
910 -0.4857 0.6125 0 0
911 0.0057 0.8594 0 0
912 0.7230 0.9680 0 0
913 -0.7394 0.4781 0 0
914 -0.8938 0.3335 0 0
915 -0.9611 0.5093 0 0
916 0.6696 0.6740 0 0
917 -0.6503 0.7786 0 0
918 0.2637 0.0363 0 0
919 0.0057 0.7393 0 0
920 0.0065 0.7910 0 0
921 0.8436 0.5549 0 0
922 -0.8248 0.0403 0 0
923 -0.1158 0.6295 0 0
924 -0.9682 0.0783 0 0
925 -0.9231 0.0317 0 0
926 0.1101 0.3240 0 0
927 0.3351 0.0347 0 0
928 0.5375 0.5987 0 0
929 -0.0403 0.2238 0 0
930 -0.7548 0.7849 0 0
931 0.8239 0.9640 0 0
932 -0.2697 0.1129 0 0
933 -0.2622 0.3236 0 0
934 0.1234 0.8145 0 0
935 0.9695 0.5231 0 0
936 -0.7524 0.3731 0 0
937 -0.0810 0.1108 0 0
938 0.0615 0.5457 0 0
939 -0.5640 0.9098 0 0
940 0.0842 0.6956 0 0
941 -0.8934 0.9141 0 0
942 -0.4942 0.5313 0 0
943 0.6233 0.7345 0 0
944 -0.6707 0.6193 0 0
945 -0.7193 0.7712 0 0
946 0.7735 0.5707 0 0
947 0.5550 0.7025 0 0
948 0.4439 0.9612 0 0
949 -0.0472 0.0940 0 0
950 0.2455 0.3419 0 0
951 -0.0939 0.3629 0 0
952 -0.7236 0.8496 0 0
953 -0.3233 0.9675 0 0
954 0.5311 0.6683 0 0
955 -0.5259 0.7979 0 0
956 -0.2637 0.8031 0 0
957 0.0793 0.7693 0 0
958 -0.9260 0.9695 0 0
959 -0.8997 0.2022 0 0
960 -0.0374 0.2857 0 0
961 -0.6814 0.6650 0 0
962 0.2304 0.4942 0 0
963 -0.1714 0.5644 0 0
964 -0.9687 0.6717 0 0
965 -0.5457 0.6348 0 0
966 -0.2149 0.9026 0 0
967 0.3570 0.1170 0 0
968 -0.7368 0.0934 0 0
969 0.4029 0.4940 0 0
970 -0.2590 0.2301 0 0
971 0.7853 0.8251 0 0
972 -0.8449 0.1499 0 0
973 -0.8097 0.4733 0 0
974 0.7047 0.2246 0 0
975 0.9659 0.6370 0 0
976 0.0076 0.4439 0 0
977 0.9102 0.0366 0 0
978 0.8801 0.6616 0 0
979 -0.2396 0.9609 0 0
980 -0.5120 0.3613 0 0
981 -0.0777 0.2193 0 0
982 -0.6864 0.8377 0 0
983 0.4468 0.9130 0 0
984 -0.8224 0.2159 0 0
985 0.7282 0.7783 0 0
986 -0.9108 0.6368 0 0
987 0.2939 0.6166 0 0
988 0.6574 0.6193 0 0
989 -0.6152 0.4900 0 0
990 -0.6125 0.8045 0 0
991 -0.9176 0.7042 0 0
992 -0.0679 0.3968 0 0
993 -0.0098 0.2041 0 0
994 0.0781 0.0760 0 0
995 -0.5112 0.1179 0 0
996 -0.3210 0.5568 0 0
997 0.9678 0.3224 0 0
998 0.6330 0.1149 0 0
999 -0.7286 0.7166 0 0
1000 -0.7463 0.2185 0 0
1001 -0.4600 0.3118 0 0
1002 -0.2577 0.5385 0 0
1003 -0.0320 0.3863 0 0
1004 0.9613 0.0388 0 0
1005 0.9666 0.9666 0 0
1006 0.0382 0.4149 0 0
1007 -0.0345 0.3240 0 0
1008 0.0891 0.9633 0 0
1009 0.8047 0.8713 0 0
1010 -0.1259 0.4489 0 0
1011 0.0402 0.5836 0 0
1012 0.0417 0.8235 0 0
1013 0.2191 0.3193 0 0
1014 0.3533 0.5934 0 0
1015 -0.4750 0.0274 0 0
1016 0.8984 0.2935 0 0
1017 -0.1491 0.3081 0 0
1018 -0.8473 0.8977 0 0
1019 0.2868 0.2947 0 0
1020 -0.4942 0.4712 0 0
1021 0.4250 0.0272 0 0
1022 0.1409 0.3261 0 0
1023 0.6621 0.9652 0 0
1024 0.1750 0.9712 0 0
1025 0.8034 0.6464 0 0
1026 0.9157 0.3537 0 0
1027 -0.1290 0.5580 0 0
1028 0.2416 0.2111 0 0
1029 -0.9730 0.4750 0 0
1030 -0.8352 0.5469 0 0
1031 0.2805 0.8768 0 0
1032 -0.8587 0.2220 0 0
1033 0.1852 0.5657 0 0
1034 0.5916 0.6404 0 0
1035 0.5952 0.7583 0 0
1036 -0.6899 0.3401 0 0
1037 0.5492 0.0357 0 0
1038 0.5829 0.2326 0 0
1039 0.1876 0.4937 0 0
1040 -0.6027 0.7274 0 0
1041 -0.6542 0.1590 0 0
1042 -0.2952 0.6784 0 0
1043 0.3150 0.1869 0 0
1044 -0.7279 0.9708 0 0
1045 -0.1182 0.5187 0 0
1046 0.9230 0.4793 0 0
1047 0.2250 0.0267 0 0
1048 -0.8079 0.0760 0 0
1049 -0.5000 0.3176 0 0
1050 0.4757 0.1353 0 0
1051 -0.9182 0.5136 0 0
1052 0.4985 0.9065 0 0
1053 0.0859 0.2155 0 0
1054 -0.8654 0.4286 0 0
1055 0.2697 0.7686 0 0
1056 0.0736 0.1438 0 0
1057 0.5881 0.4239 0 0
1058 -0.4390 0.3478 0 0
1059 -0.0987 0.6615 0 0
1060 0.7806 0.0876 0 0
1061 -0.4289 0.0831 0 0
1062 0.5101 0.2442 0 0
1063 -0.6903 0.1659 0 0
1064 0.5750 0.9728 0 0
1065 0.7210 0.9220 0 0
1066 -0.4882 0.9086 0 0
1067 0.4462 0.3764 0 0
1068 0.7038 0.4534 0 0
1069 -0.7343 0.4419 0 0
1070 0.3420 0.5063 0 0
1071 -0.1148 0.2450 0 0
1072 -0.2958 0.9263 0 0
1073 0.7682 0.7598 0 0
1074 -0.5884 0.2904 0 0
1075 0.5012 0.8290 0 0
1076 0.4799 0.9703 0 0
1077 -0.6990 0.5936 0 0
1078 -0.4904 0.8036 0 0
1079 0.8419 0.3892 0 0
1080 -0.7332 0.6200 0 0
1081 0.5527 0.6336 0 0
1082 -0.5186 0.2778 0 0
1083 -0.6607 0.2770 0 0
1084 -0.2267 0.6103 0 0
1085 0.6135 0.9173 0 0
1086 -0.5806 0.6154 0 0
1087 -0.1829 0.5189 0 0
1088 -0.9747 0.3750 0 0
1089 -0.6067 0.6408 0 0
1090 -0.8463 0.6612 0 0
1091 0.8663 0.2618 0 0
1092 0.8315 0.7335 0 0
1093 0.2597 0.0757 0 0
1094 -0.1917 0.2281 0 0
1095 0.8022 0.4063 0 0
1096 0.7402 0.0758 0 0
1097 -0.7673 0.1350 0 0
1098 0.6155 0.5191 0 0
1099 0.1953 0.9091 0 0
