0 -10.0000 0.0000 0 -1
1 10.0000 0.0000 0 -1
2 10.0000 10.0000 -1 0
3 -10.0000 10.0000 -1 0
4 0.0000 10.0000 0 0
5 -9.5000 0.0000 0 -1
6 -9.0000 0.0000 0 -1
7 -8.5000 0.0000 0 -1
8 -8.0000 0.0000 0 -1
9 -7.5000 0.0000 0 -1
10 -7.0000 0.0000 0 -1
11 -6.5000 0.0000 0 -1
12 -6.0000 0.0000 0 -1
13 -5.5000 0.0000 0 -1
14 -5.0000 0.0000 0 -1
15 -4.5000 0.0000 0 -1
16 -4.0000 0.0000 0 -1
17 -3.5000 0.0000 0 -1
18 -3.0000 0.0000 0 -1
19 -2.5000 0.0000 0 -1
20 -2.0000 0.0000 0 -1
21 -1.5000 0.0000 0 -1
22 -1.0000 0.0000 0 -1
23 -0.5000 0.0000 0 -1
24 -0.0000 0.0000 0 -1
25 0.5000 0.0000 0 -1
26 1.0000 0.0000 0 -1
27 1.5000 0.0000 0 -1
28 2.0000 0.0000 0 -1
29 2.5000 0.0000 0 -1
30 3.0000 0.0000 0 -1
31 3.5000 0.0000 0 -1
32 4.0000 0.0000 0 -1
33 4.5000 0.0000 0 -1
34 5.0000 0.0000 0 -1
35 5.5000 0.0000 0 -1
36 6.0000 0.0000 0 -1
37 6.5000 0.0000 0 -1
38 7.0000 0.0000 0 -1
39 7.5000 0.0000 0 -1
40 8.0000 0.0000 0 -1
41 8.5000 0.0000 0 -1
42 9.0000 0.0000 0 -1
43 9.5000 0.0000 0 -1
44 10.0000 0.5000 -1 0
45 10.0000 1.0000 -1 0
46 10.0000 1.5000 -1 0
47 10.0000 2.0000 -1 0
48 10.0000 2.5000 -1 0
49 10.0000 3.0000 -1 0
50 10.0000 3.5000 -1 0
51 10.0000 4.0000 -1 0
52 10.0000 4.5000 -1 0
53 10.0000 5.0000 -1 0
54 10.0000 5.5000 -1 0
55 10.0000 6.0000 -1 0
56 10.0000 6.5000 -1 0
57 10.0000 7.0000 -1 0
58 10.0000 7.5000 -1 0
59 10.0000 8.0000 -1 0
60 10.0000 8.5000 -1 0
61 10.0000 9.0000 -1 0
62 10.0000 9.5000 -1 0
63 9.5000 10.0000 0 0
64 9.0000 10.0000 0 0
65 8.5000 10.0000 0 0
66 8.0000 10.0000 0 0
67 7.5000 10.0000 0 0
68 7.0000 10.0000 0 0
69 6.5000 10.0000 0 0
70 6.0000 10.0000 0 0
71 5.5000 10.0000 0 0
72 5.0000 10.0000 0 0
73 4.5000 10.0000 0 0
74 4.0000 10.0000 0 0
75 3.5000 10.0000 0 0
76 3.0000 10.0000 0 0
77 2.5000 10.0000 0 0
78 2.0000 10.0000 0 0
79 1.5000 10.0000 0 0
80 1.0000 10.0000 0 0
81 0.5000 10.0000 0 0
82 -0.5000 10.0000 0 0
83 -1.0000 10.0000 0 0
84 -1.5000 10.0000 0 0
85 -2.0000 10.0000 0 0
86 -2.5000 10.0000 0 0
87 -3.0000 10.0000 0 0
88 -3.5000 10.0000 0 0
89 -4.0000 10.0000 0 0
90 -4.5000 10.0000 0 0
91 -5.0000 10.0000 0 0
92 -5.5000 10.0000 0 0
93 -6.0000 10.0000 0 0
94 -6.5000 10.0000 0 0
95 -7.0000 10.0000 0 0
96 -7.5000 10.0000 0 0
97 -8.0000 10.0000 0 0
98 -8.5000 10.0000 0 0
99 -9.0000 10.0000 0 0
100 -9.5000 10.0000 0 0
101 -10.0000 9.5000 -1 0
102 -10.0000 9.0000 -1 0
103 -10.0000 8.5000 -1 0
104 -10.0000 8.0000 -1 0
105 -10.0000 7.5000 -1 0
106 -10.0000 7.0000 -1 0
107 -10.0000 6.5000 -1 0
108 -10.0000 6.0000 -1 0
109 -10.0000 5.5000 -1 0
110 -10.0000 5.0000 -1 0
111 -10.0000 4.5000 -1 0
112 -10.0000 4.0000 -1 0
113 -10.0000 3.5000 -1 0
114 -10.0000 3.0000 -1 0
115 -10.0000 2.5000 -1 0
116 -10.0000 2.0000 -1 0
117 -10.0000 1.5000 -1 0
118 -10.0000 1.0000 -1 0
119 -10.0000 0.5000 -1 0
120 -3.2412 5.0334 0 0
121 4.7500 5.0000 0 0
122 0.7908 5.8980 0 0
123 -6.3946 3.5434 0 0
124 -6.0034 6.6800 0 0
125 -0.7155 3.1530 0 0
126 2.2780 3.1001 0 0
127 6.9957 3.0043 0 0
128 6.9957 6.9957 0 0
129 -1.6366 7.2669 0 0
130 3.1117 7.3196 0 0
131 -4.0839 2.5688 0 0
132 4.6643 2.4023 0 0
133 -3.9309 7.6352 0 0
134 -7.7548 5.3689 0 0
135 7.8350 5.0000 0 0
136 -7.8474 7.8474 0 0
137 5.1288 7.9206 0 0
138 2.7461 5.1385 0 0
139 0.3473 7.9167 0 0
140 -1.2759 5.1386 0 0
141 -7.9303 2.0697 0 0
142 -2.2389 1.9782 0 0
143 0.8129 1.9234 0 0
144 -5.1493 5.0739 0 0
145 -5.7345 1.8264 0 0
146 0.8458 4.0930 0 0
147 8.2981 1.7656 0 0
148 8.2952 8.3035 0 0
149 -8.2711 3.7523 0 0
150 -2.4460 3.6477 0 0
151 -5.3883 8.4724 0 0
152 1.9104 8.3435 0 0
153 3.1334 1.6207 0 0
154 6.1210 1.6228 0 0
155 6.3280 4.4265 0 0
156 5.5299 6.3837 0 0
157 3.7961 3.7312 0 0
158 -0.7321 1.5652 0 0
159 8.4535 3.5579 0 0
160 8.4121 6.3983 0 0
161 -4.1456 6.1608 0 0
162 6.5686 8.5181 0 0
163 -2.5293 8.5245 0 0
164 3.7856 8.5405 0 0
165 -1.0230 8.5639 0 0
166 -8.5814 6.6090 0 0
167 -2.7583 6.3679 0 0
168 1.7643 6.9067 0 0
169 -4.1191 3.9283 0 0
170 4.0901 6.2159 0 0
171 -0.5409 6.3777 0 0
172 5.1283 3.6972 0 0
173 -3.4784 1.3557 0 0
174 -6.7601 8.6467 0 0
175 -6.5405 4.9107 0 0
176 6.7000 5.6726 0 0
177 1.9344 1.3013 0 0
178 -5.2757 3.2391 0 0
179 -7.2840 6.6010 0 0
180 -6.9147 1.3102 0 0
181 -8.6499 8.7981 0 0
182 -4.7856 1.3112 0 0
183 4.3420 1.2176 0 0
184 -8.7220 1.2059 0 0
185 0.0142 4.9342 0 0
186 -4.3612 8.7670 0 0
187 -8.8158 4.8283 0 0
188 7.2117 1.2148 0 0
189 1.4761 4.9983 0 0
190 -6.8283 2.4715 0 0
191 5.9030 2.7668 0 0
192 -8.8614 2.7280 0 0
193 -4.8305 7.1848 0 0
194 0.4215 2.9810 0 0
195 0.9326 8.8844 0 0
196 8.8213 4.6080 0 0
197 2.6175 6.2232 0 0
198 -6.8018 7.5447 0 0
199 -1.7941 6.1236 0 0
200 -2.2498 4.7583 0 0
201 -3.0154 2.7047 0 0
202 2.2266 4.1396 0 0
203 -1.2402 4.0602 0 0
204 -8.9137 7.6121 0 0
205 3.6024 2.6567 0 0
206 7.2214 4.0709 0 0
207 5.4902 9.0127 0 0
208 9.1298 2.5839 0 0
209 8.8780 7.3769 0 0
210 2.8077 8.9399 0 0
211 4.2084 7.3258 0 0
212 -2.9332 7.5134 0 0
213 3.7681 4.7921 0 0
214 -7.3184 4.0799 0 0
215 0.2191 0.9774 0 0
216 -1.7158 0.9967 0 0
217 0.7091 6.9601 0 0
218 6.0049 7.2187 0 0
219 -0.6618 7.4119 0 0
220 5.6375 5.3567 0 0
221 7.5074 8.8591 0 0
222 -5.1785 5.9306 0 0
223 -7.7688 9.0192 0 0
224 -1.8175 2.8708 0 0
225 9.0506 0.9465 0 0
226 9.0169 9.0511 0 0
227 -0.0791 9.0241 0 0
228 1.3577 2.7576 0 0
229 -6.5353 5.9007 0 0
230 5.4331 0.9142 0 0
231 0.0088 4.0830 0 0
232 9.0140 5.5935 0 0
233 -5.5837 4.0839 0 0
234 -7.4256 3.0976 0 0
235 -4.2630 5.2288 0 0
236 7.9797 2.6797 0 0
237 7.9364 7.3066 0 0
238 -3.2196 4.0610 0 0
239 -3.4418 9.0811 0 0
240 -7.8171 0.9220 0 0
241 -9.1201 5.7477 0 0
242 1.7547 5.8987 0 0
243 -1.7648 9.0997 0 0
244 -2.6030 0.9506 0 0
245 4.5556 9.0387 0 0
246 7.6503 5.9246 0 0
247 2.3648 2.1381 0 0
248 -6.0537 0.9351 0 0
249 6.9237 1.9957 0 0
250 -0.2642 2.3384 0 0
251 1.2409 7.6960 0 0
252 -4.9571 2.3212 0 0
253 3.4053 5.6835 0 0
254 -3.5707 6.8440 0 0
255 7.3606 8.0186 0 0
256 1.1081 0.9085 0 0
257 -5.9676 9.0942 0 0
258 6.3555 3.5451 0 0
259 2.7300 0.8340 0 0
260 -2.4421 5.5840 0 0
261 2.7542 8.0472 0 0
262 -5.9777 2.6941 0 0
263 8.0473 0.8871 0 0
264 3.0889 4.2055 0 0
265 -1.7791 8.1449 0 0
266 -9.1337 4.0274 0 0
267 -5.8676 7.5232 0 0
268 1.5221 3.5616 0 0
269 5.4282 4.4953 0 0
270 1.7815 9.1528 0 0
271 -3.4695 5.7604 0 0
272 3.5770 0.8467 0 0
273 4.8608 5.9197 0 0
274 5.0629 7.1030 0 0
275 6.4987 0.7585 0 0
276 4.4830 4.2039 0 0
277 5.3265 1.8752 0 0
278 4.5172 3.2066 0 0
279 -3.6823 3.3096 0 0
280 -5.0682 9.2506 0 0
281 -4.6975 7.9533 0 0
282 7.0020 4.9183 0 0
283 -9.1648 1.9553 0 0
284 6.3429 6.4538 0 0
285 -1.4220 2.0083 0 0
286 9.1915 1.8383 0 0
287 9.1925 8.1620 0 0
288 -7.9929 4.6381 0 0
289 9.2157 3.8695 0 0
290 3.9314 1.9099 0 0
291 -0.5004 5.5906 0 0
292 -5.8906 5.3805 0 0
293 -7.8850 7.0208 0 0
294 3.0587 3.4353 0 0
295 9.2638 6.5870 0 0
296 6.3072 9.2245 0 0
297 -0.7516 0.7845 0 0
298 8.2252 9.2388 0 0
299 -3.9964 0.7936 0 0
300 -4.1857 1.7881 0 0
301 -3.2936 8.2292 0 0
302 8.0556 4.2483 0 0
303 3.3795 6.4694 0 0
304 -0.6728 4.6058 0 0
305 -7.8690 6.1213 0 0
306 1.5718 1.9921 0 0
307 5.8841 8.0927 0 0
308 -2.6547 9.2415 0 0
309 2.1262 7.6115 0 0
310 -4.4709 3.2531 0 0
311 0.7360 5.1422 0 0
312 -5.3224 0.7434 0 0
313 4.1549 5.4178 0 0
314 6.6207 7.7506 0 0
315 -3.0134 1.9634 0 0
316 -9.2202 6.9659 0 0
317 3.5591 9.2558 0 0
318 -4.9000 4.2866 0 0
319 7.7403 3.4622 0 0
320 -0.8106 9.2563 0 0
321 0.0063 7.0437 0 0
322 3.5906 7.8700 0 0
323 4.3199 8.0737 0 0
324 -8.1213 2.7969 0 0
325 -9.2796 9.3089 0 0
326 -9.2856 8.2611 0 0
327 -2.3031 6.9271 0 0
328 5.1313 2.9175 0 0
329 -0.4002 8.1431 0 0
330 2.4905 6.9544 0 0
331 -7.0760 5.3473 0 0
332 7.6320 6.6490 0 0
333 8.2657 5.5823 0 0
334 -1.2218 6.6721 0 0
335 -9.3051 0.6949 0 0
336 -3.8130 4.5836 0 0
337 -9.3063 3.3106 0 0
338 1.2170 6.4521 0 0
339 -6.1684 8.2699 0 0
340 -3.3316 0.7038 0 0
341 -7.0839 9.3223 0 0
342 0.1835 6.3350 0 0
343 2.8953 2.6193 0 0
344 -6.4727 1.8272 0 0
345 -7.1937 8.1063 0 0
346 1.4776 4.3188 0 0
347 0.0978 1.7341 0 0
348 9.3071 3.2163 0 0
349 -8.4678 5.3521 0 0
350 -7.2463 1.8739 0 0
351 7.6037 2.0840 0 0
352 -7.3126 0.6748 0 0
353 -8.4466 9.2383 0 0
354 -6.3353 4.1606 0 0
355 -0.9705 2.3463 0 0
356 -1.6476 3.3986 0 0
357 4.7298 0.6488 0 0
358 1.7500 0.6397 0 0
359 -4.2627 6.9611 0 0
360 -6.6602 6.8768 0 0
361 -8.4685 8.1281 0 0
362 7.0544 6.3245 0 0
363 -1.1403 7.8845 0 0
364 -2.3140 2.9085 0 0
365 6.3698 5.1449 0 0
366 -2.2494 7.6239 0 0
367 -1.0934 5.9438 0 0
368 -2.8798 3.4049 0 0
369 -4.6572 5.6657 0 0
370 -5.8569 4.7016 0 0
371 0.1615 5.6028 0 0
372 6.4995 2.5674 0 0
373 2.0538 5.4734 0 0
374 -8.4816 0.6508 0 0
375 -7.3882 4.8248 0 0
376 -3.9467 9.3209 0 0
377 4.7724 6.5166 0 0
378 6.9633 9.3570 0 0
379 0.4575 9.3446 0 0
380 -9.3550 5.2958 0 0
381 -5.8148 3.4599 0 0
382 -8.6297 1.7807 0 0
383 -1.7050 5.5129 0 0
384 -5.9511 6.1800 0 0
385 2.4824 1.5780 0 0
386 -7.4883 2.4947 0 0
387 -2.7740 4.5007 0 0
388 9.3446 5.0931 0 0
389 -4.7754 6.5322 0 0
390 1.0207 3.4782 0 0
391 5.0635 8.5503 0 0
392 2.5953 3.6680 0 0
393 -1.8818 4.1156 0 0
394 5.7791 3.9343 0 0
395 -5.1956 1.5769 0 0
396 6.2176 5.9293 0 0
397 -9.3661 6.2451 0 0
398 -5.3647 7.6227 0 0
399 -7.3035 7.4138 0 0
400 2.2277 9.3739 0 0
401 5.7996 0.6472 0 0
402 4.6610 1.8284 0 0
403 -1.5351 4.6850 0 0
404 -3.6081 2.1462 0 0
405 0.0061 3.1984 0 0
406 0.3722 8.5606 0 0
407 -6.5681 0.6226 0 0
408 5.1581 9.3904 0 0
409 -3.9978 8.3961 0 0
410 1.2639 8.3341 0 0
411 0.2319 4.4730 0 0
412 -7.2834 5.9243 0 0
413 -4.7323 0.4105 0 0
414 -6.8752 3.0792 0 0
415 -0.7832 3.7796 0 0
416 -9.4082 1.3083 0 0
417 7.5109 0.6104 0 0
418 2.0922 4.6423 0 0
419 4.1383 9.3546 0 0
420 0.3861 2.3942 0 0
421 -5.4854 6.8297 0 0
422 -2.1003 0.6096 0 0
423 3.2767 8.4990 0 0
424 -9.4013 4.5337 0 0
425 9.3832 6.0356 0 0
426 -6.4471 9.3655 0 0
427 -4.8909 3.6623 0 0
428 1.1900 9.4216 0 0
429 1.2642 5.6321 0 0
430 1.9775 2.6081 0 0
431 5.6666 3.3389 0 0
432 6.8701 3.6043 0 0
433 5.8033 2.1574 0 0
434 6.7011 1.5096 0 0
435 9.3810 0.5653 0 0
436 9.3471 9.3519 0 0
437 4.0723 0.5857 0 0
438 -8.4732 7.0784 0 0
439 3.8075 7.0044 0 0
440 -6.9760 3.6349 0 0
441 -4.6235 9.3472 0 0
442 7.2217 5.4600 0 0
443 -0.2734 0.5171 0 0
444 -4.8560 8.4861 0 0
445 0.6068 0.5996 0 0
446 1.1499 1.4409 0 0
447 7.7317 1.3814 0 0
448 -8.0197 8.4581 0 0
449 -8.5956 4.1635 0 0
450 8.3666 4.9277 0 0
451 8.5626 0.6051 0 0
452 0.2618 3.6819 0 0
453 8.4188 3.0353 0 0
454 8.5055 6.9917 0 0
455 -1.2263 0.5016 0 0
456 -8.8239 3.2652 0 0
457 -4.4959 4.6582 0 0
458 3.7437 1.4037 0 0
459 8.4290 2.2496 0 0
460 8.4807 7.7562 0 0
461 -9.3252 2.5032 0 0
462 2.0963 6.3963 0 0
463 -2.1795 1.3530 0 0
464 -7.7777 3.7493 0 0
465 -1.2560 9.5208 0 0
466 -8.4962 5.9874 0 0
467 5.8204 9.4438 0 0
468 -5.6524 1.3054 0 0
469 2.8322 5.6882 0 0
470 9.4274 4.3942 0 0
471 -7.6962 1.5884 0 0
472 7.3716 7.4699 0 0
473 -2.9825 5.4480 0 0
474 4.1803 2.7854 0 0
475 9.5102 2.2367 0 0
476 9.4469 7.6793 0 0
477 2.3016 8.8399 0 0
478 -4.4257 7.4096 0 0
479 1.2450 7.1668 0 0
480 3.0781 4.7565 0 0
481 -2.3114 6.0713 0 0
482 1.0710 4.7034 0 0
483 -1.8065 6.6983 0 0
484 6.9201 0.5643 0 0
485 7.4705 2.5999 0 0
486 3.9396 4.2453 0 0
487 -5.5536 2.3846 0 0
488 9.4116 1.3839 0 0
489 9.4085 8.6161 0 0
490 2.5984 4.5594 0 0
491 -9.4474 7.7802 0 0
492 -3.0214 6.9196 0 0
493 -3.4686 7.4241 0 0
494 7.7318 9.5047 0 0
495 0.6594 1.3758 0 0
496 8.7099 9.5116 0 0
497 -2.5821 5.0527 0 0
498 8.5693 4.1064 0 0
499 3.8397 3.1686 0 0
500 5.2941 2.3996 0 0
501 0.7137 7.5100 0 0
502 3.2112 2.2760 0 0
503 7.1178 8.5535 0 0
504 7.6945 8.4007 0 0
505 5.5676 7.4011 0 0
506 -1.2545 1.4621 0 0
507 -3.5680 2.7463 0 0
508 6.7444 4.1431 0 0
509 7.4371 4.5932 0 0
510 -0.1182 7.4997 0 0
511 5.4378 5.8886 0 0
512 -0.3469 1.1417 0 0
513 -2.5522 2.4278 0 0
514 4.2583 4.7362 0 0
515 2.2060 0.5079 0 0
516 -2.9235 1.4129 0 0
517 -8.3694 2.3512 0 0
518 -9.4946 8.7814 0 0
519 5.5649 6.9246 0 0
520 -6.7563 4.4498 0 0
521 -7.1813 8.5757 0 0
522 -4.6170 2.7126 0 0
523 8.4801 1.2130 0 0
524 6.4980 6.9867 0 0
525 2.6582 7.4922 0 0
526 5.1397 5.4040 0 0
527 -2.8414 8.0496 0 0
528 1.7487 3.1323 0 0
529 6.0136 8.5667 0 0
530 8.4725 8.7483 0 0
531 4.2595 6.7107 0 0
532 4.7615 7.5588 0 0
533 5.8679 4.9435 0 0
534 -0.3228 9.5172 0 0
535 -3.8101 5.3067 0 0
536 -8.2309 1.3437 0 0
537 3.0128 9.4260 0 0
538 0.8136 2.6304 0 0
539 -2.2416 9.5157 0 0
540 7.9185 7.7990 0 0
541 -3.3521 6.3495 0 0
542 -1.1566 7.1198 0 0
543 5.8329 1.1673 0 0
544 3.1992 0.5162 0 0
545 -5.3662 5.4964 0 0
546 -5.5728 9.4653 0 0
547 -1.2873 3.0526 0 0
548 0.7562 8.2108 0 0
549 2.0507 3.5827 0 0
550 -6.4103 6.3831 0 0
551 -2.0237 8.5785 0 0
552 9.4671 7.1268 0 0
553 -2.7071 4.0100 0 0
554 4.7498 1.3334 0 0
555 4.3192 8.5405 0 0
556 -3.1313 9.4951 0 0
557 2.3043 5.8609 0 0
558 -7.7475 9.5171 0 0
559 -5.7582 0.4792 0 0
560 0.6670 6.4273 0 0
561 -6.6929 8.0453 0 0
562 -0.4696 5.0611 0 0
563 -0.7083 6.8422 0 0
564 5.2500 0.4682 0 0
565 8.8998 6.1624 0 0
566 -1.8313 2.2730 0 0
567 -6.2403 7.1990 0 0
568 -1.5306 8.6231 0 0
569 -0.4995 8.6569 0 0
570 -4.0842 5.7275 0 0
571 -4.7213 1.8322 0 0
572 6.4242 2.0753 0 0
573 4.9559 4.1882 0 0
574 -5.5586 7.2149 0 0
575 -7.9699 3.2781 0 0
576 6.4826 3.0869 0 0
577 -3.7056 3.8157 0 0
578 -7.6754 0.3773 0 0
579 7.3316 1.7394 0 0
580 -6.4085 5.4225 0 0
581 -6.1201 1.4475 0 0
582 4.6213 3.7002 0 0
583 -2.7763 0.3948 0 0
584 -6.1269 2.2006 0 0
585 -0.2937 2.8505 0 0
586 -5.5025 8.9451 0 0
587 -8.7977 9.5758 0 0
588 -6.3576 3.0352 0 0
589 1.7060 7.8854 0 0
590 -3.9709 1.2758 0 0
591 2.9107 6.6543 0 0
592 3.1796 1.1061 0 0
593 -6.9159 6.2232 0 0
594 -4.7343 5.1366 0 0
595 -5.3910 4.5350 0 0
596 -1.7635 1.6451 0 0
597 -3.3240 4.5998 0 0
598 1.1537 2.2762 0 0
599 -3.0454 8.6332 0 0
600 -9.5480 3.7048 0 0
601 -0.6421 2.0666 0 0
602 9.5390 5.5785 0 0
603 -8.3650 7.6506 0 0
604 -9.6018 5.7539 0 0
605 3.1296 7.7080 0 0
606 -3.9047 8.8738 0 0
607 3.2977 3.7655 0 0
608 -8.1768 8.8433 0 0
609 8.7108 1.9360 0 0
610 8.7436 8.0866 0 0
611 1.2911 0.4419 0 0
612 8.1268 6.0000 0 0
613 2.0100 1.7918 0 0
614 3.1299 6.0854 0 0
615 5.5198 8.3346 0 0
616 3.1508 5.2626 0 0
617 4.6637 9.4990 0 0
618 -0.2099 4.5349 0 0
619 8.8589 3.3359 0 0
620 3.6287 6.1183 0 0
621 -3.9229 7.1861 0 0
622 3.6708 5.2730 0 0
623 -7.3999 1.1570 0 0
624 -5.3991 3.6866 0 0
625 1.3981 8.9104 0 0
626 -2.2748 8.0586 0 0
627 1.6996 7.4059 0 0
628 6.6955 8.9337 0 0
629 -7.7892 6.5608 0 0
630 -3.6960 0.4433 0 0
631 -0.1664 5.9701 0 0
632 -8.9011 0.4319 0 0
633 2.8423 1.9800 0 0
634 -2.1196 5.2906 0 0
635 -6.3362 8.7668 0 0
636 -4.4327 8.3264 0 0
637 -8.1287 5.0620 0 0
638 -8.0013 4.1862 0 0
639 2.3945 8.2899 0 0
640 -7.0100 7.0263 0 0
641 -8.8419 6.1934 0 0
642 -9.5895 7.2449 0 0
643 -5.1491 2.7915 0 0
644 -3.8112 6.4326 0 0
645 7.8108 5.4726 0 0
646 -9.5754 1.7476 0 0
647 -6.7435 3.9669 0 0
648 8.0400 3.7754 0 0
649 8.8950 5.0774 0 0
650 -1.1464 0.9880 0 0
651 -1.2000 8.9914 0 0
652 -1.2139 3.5503 0 0
653 -8.8793 5.2578 0 0
654 6.1997 0.4108 0 0
655 8.0001 8.7791 0 0
656 6.8686 8.1190 0 0
657 -6.4761 1.1409 0 0
658 -4.4320 2.2317 0 0
659 -2.7200 5.9000 0 0
660 8.0781 6.8261 0 0
661 8.8571 1.5139 0 0
662 3.4757 4.4696 0 0
663 4.3417 5.8251 0 0
664 4.6016 5.4505 0 0
665 6.3443 8.0923 0 0
666 2.3264 1.0432 0 0
667 -8.1732 5.7046 0 0
668 9.5232 2.8157 0 0
669 8.8768 8.5184 0 0
670 0.3181 7.2628 0 0
671 -1.5142 7.8102 0 0
672 1.2904 3.1990 0 0
673 -6.0862 9.5725 0 0
674 5.3053 4.9717 0 0
675 -1.3852 2.5663 0 0
676 1.5459 1.0531 0 0
677 -2.3189 8.9680 0 0
678 8.3340 4.4977 0 0
679 -4.0765 3.0218 0 0
680 -4.0921 3.5090 0 0
681 6.2173 3.9980 0 0
682 -6.3095 7.6923 0 0
683 -0.0510 8.4678 0 0
684 -4.2329 0.4137 0 0
685 -5.6455 2.9892 0 0
686 7.8680 0.3643 0 0
687 3.6805 0.3949 0 0
688 7.4521 3.0327 0 0
689 2.4544 2.6275 0 0
690 6.0001 6.7296 0 0
691 -9.5733 2.9259 0 0
692 9.5572 3.5900 0 0
693 5.6669 1.6243 0 0
694 3.9961 8.9350 0 0
695 -1.1401 4.5991 0 0
696 -5.9820 3.8673 0 0
697 -2.0896 3.2878 0 0
698 -8.7163 3.7054 0 0
699 5.0107 4.6463 0 0
700 7.1716 5.9226 0 0
701 -3.6435 9.5750 0 0
702 4.7182 2.8486 0 0
703 4.9040 3.3182 0 0
704 -1.3098 5.5858 0 0
705 -6.1760 0.4074 0 0
706 1.2106 3.9219 0 0
707 1.7642 3.9690 0 0
708 0.4332 4.8245 0 0
709 3.7751 6.5740 0 0
710 -5.7457 8.0331 0 0
711 5.1564 6.2731 0 0
712 1.7882 9.6215 0 0
713 4.1943 3.8657 0 0
714 -2.2727 4.1748 0 0
715 -6.4122 2.5923 0 0
716 -3.2428 7.8511 0 0
717 -7.0089 4.9248 0 0
718 -3.2277 2.3578 0 0
719 8.0950 3.3754 0 0
720 8.9899 0.4110 0 0
721 2.7232 0.3789 0 0
722 -5.2644 1.1118 0 0
723 9.6227 1.7918 0 0
724 9.6096 8.1915 0 0
725 -0.3072 1.7384 0 0
726 6.9346 2.4394 0 0
727 1.6404 6.3968 0 0
728 5.8888 4.3761 0 0
729 5.2173 6.6402 0 0
730 3.7976 9.6637 0 0
731 -1.7170 0.3849 0 0
732 0.2993 6.7548 0 0
733 -1.7525 9.6272 0 0
734 -8.9033 8.0531 0 0
735 8.8252 6.6318 0 0
736 1.2687 6.0816 0 0
737 7.0001 4.5009 0 0
738 2.6553 4.0951 0 0
739 5.8852 6.1838 0 0
740 3.9384 8.1618 0 0
741 -3.6201 0.9398 0 0
742 4.6129 7.0430 0 0
743 -9.6166 4.1532 0 0
744 6.5770 9.5691 0 0
745 0.2144 0.3905 0 0
746 -8.8701 2.2637 0 0
747 3.5479 1.8939 0 0
748 -5.8515 8.5969 0 0
749 -9.5801 6.6817 0 0
750 7.2987 9.6242 0 0
751 0.7995 9.6138 0 0
752 -2.5458 1.5985 0 0
753 -3.2080 3.1340 0 0
754 -1.7483 5.0140 0 0
755 -4.2337 7.9465 0 0
756 7.3270 3.5765 0 0
757 3.2158 8.9068 0 0
758 -5.1734 9.6627 0 0
759 2.1486 7.1950 0 0
760 6.8018 1.0398 0 0
761 6.3375 1.1629 0 0
762 -3.7434 1.7283 0 0
763 6.6775 6.1458 0 0
764 6.7755 6.6174 0 0
765 -3.2999 3.5824 0 0
766 -0.8663 4.2280 0 0
767 2.7807 3.0345 0 0
768 3.2717 2.9439 0 0
769 4.6741 8.1500 0 0
770 6.0143 3.1618 0 0
771 -5.1253 8.0531 0 0
772 6.6352 4.7484 0 0
773 6.7797 5.2490 0 0
774 4.2402 2.1808 0 0
775 -5.6111 5.0472 0 0
776 -4.8854 4.7221 0 0
777 7.4233 5.0582 0 0
778 9.6768 6.7118 0 0
779 3.9784 0.9931 0 0
780 4.0057 7.7581 0 0
781 -5.5542 6.3202 0 0
782 -1.0043 1.8897 0 0
783 -9.1000 1.5996 0 0
784 -8.9711 4.4494 0 0
785 -9.5820 9.5820 0 0
786 -4.7458 8.9500 0 0
787 -6.1491 5.8346 0 0
788 0.0844 2.6826 0 0
789 1.7573 8.7284 0 0
790 -0.8355 8.1795 0 0
791 9.6275 4.8021 0 0
792 7.4471 7.0140 0 0
793 4.9862 2.1217 0 0
794 4.9684 9.0169 0 0
795 -7.6101 4.5223 0 0
796 2.8026 8.5179 0 0
797 -6.9031 5.6579 0 0
798 -8.8493 6.8972 0 0
799 -6.8900 1.6773 0 0
800 -7.6420 8.2268 0 0
801 -4.8812 7.5603 0 0
802 -2.7444 9.6548 0 0
803 0.5490 5.5452 0 0
804 3.5618 7.4075 0 0
805 8.2457 9.6577 0 0
806 -8.1918 6.8150 0 0
807 -0.8965 5.4719 0 0
808 3.5411 8.2369 0 0
809 -2.2496 6.5008 0 0
810 -1.3722 8.2344 0 0
811 -0.1760 6.5996 0 0
812 -0.7502 0.3536 0 0
813 1.6238 5.4007 0 0
814 5.2782 1.3691 0 0
815 4.2780 1.6456 0 0
816 -0.1647 5.3411 0 0
817 7.5811 1.0127 0 0
818 6.8231 7.3979 0 0
819 -2.0484 5.7653 0 0
820 6.2409 9.6475 0 0
821 -6.1344 5.0330 0 0
822 -4.2406 9.6596 0 0
823 -8.4862 2.9524 0 0
824 -3.5431 8.5635 0 0
825 -5.2309 0.3734 0 0
826 -3.1577 1.0491 0 0
827 -4.6323 6.1122 0 0
828 1.5919 1.5749 0 0
829 -8.4305 4.6236 0 0
830 6.0686 7.7097 0 0
831 7.9744 2.2584 0 0
832 -6.8393 9.6178 0 0
833 3.7856 2.2838 0 0
834 2.4536 5.4587 0 0
835 2.1463 8.0046 0 0
836 -9.5978 0.4022 0 0
837 9.6137 4.0420 0 0
838 5.5450 7.8362 0 0
839 -4.4349 0.9265 0 0
840 1.6051 2.3644 0 0
841 8.9235 2.2467 0 0
842 9.0086 7.8041 0 0
843 -5.6816 5.8570 0 0
844 0.1111 9.5772 0 0
845 6.0842 2.4775 0 0
846 -4.8807 3.1317 0 0
847 -2.7459 3.0523 0 0
848 7.4425 6.3117 0 0
849 3.4702 3.4112 0 0
850 -7.3257 9.6086 0 0
851 -7.7905 7.4418 0 0
852 -1.3798 6.2928 0 0
853 -7.1844 2.7199 0 0
854 -4.5070 4.0880 0 0
855 -8.1294 1.7126 0 0
856 -6.8085 9.0592 0 0
857 7.6683 4.0464 0 0
858 8.8738 3.7622 0 0
859 9.0236 4.2408 0 0
860 -0.7699 9.6643 0 0
861 3.8525 5.7372 0 0
862 8.5553 5.8554 0 0
863 0.3503 8.9390 0 0
864 -3.6495 4.2328 0 0
865 4.3598 5.1343 0 0
866 -2.1612 2.5266 0 0
867 -7.7191 2.8587 0 0
868 -7.8752 2.4729 0 0
869 -7.5114 6.9847 0 0
870 -3.7967 6.0484 0 0
871 -4.0229 2.1478 0 0
872 -8.9657 9.0522 0 0
873 -4.3924 1.4321 0 0
874 -3.1057 6.0291 0 0
875 -5.2329 4.0509 0 0
876 6.3941 7.4036 0 0
877 -2.0650 7.2690 0 0
878 -2.5456 7.2404 0 0
879 -9.6260 2.1528 0 0
880 6.0960 5.4608 0 0
881 -7.6834 5.7818 0 0
882 4.1621 3.4283 0 0
883 -9.1930 7.3206 0 0
884 5.9924 9.0197 0 0
885 -3.6759 8.0308 0 0
886 7.8811 4.5863 0 0
887 0.2882 5.2317 0 0
888 0.7121 0.9773 0 0
889 1.9059 2.1789 0 0
890 -8.1365 0.4036 0 0
891 1.1510 5.1975 0 0
892 -0.6767 5.9841 0 0
893 -9.0811 8.6344 0 0
894 8.9879 6.9429 0 0
895 9.6037 0.9437 0 0
896 9.6037 9.0563 0 0
897 -6.9274 0.3927 0 0
898 -0.7952 1.1621 0 0
899 -9.6030 0.9602 0 0
900 4.6694 4.5610 0 0
901 7.2243 6.6696 0 0
902 -3.6032 4.9562 0 0
903 1.6909 4.6707 0 0
904 -6.9331 0.8830 0 0
905 -0.4835 4.1449 0 0
906 8.6061 9.1374 0 0
907 -7.1076 7.7543 0 0
908 3.3405 6.9164 0 0
909 -2.7119 8.8900 0 0
910 7.9227 6.3802 0 0
911 -8.2743 6.3005 0 0
912 -3.3534 1.7213 0 0
913 -9.6814 8.2538 0 0
914 7.0986 8.9807 0 0
915 0.0904 1.4230 0 0
916 7.2305 0.3205 0 0
917 -4.1405 4.3766 0 0
918 -7.3958 5.1869 0 0
919 0.3624 5.9578 0 0
920 -9.6113 4.9073 0 0
921 -5.2537 2.0155 0 0
922 -0.9395 6.3635 0 0
923 -0.2843 3.6735 0 0
924 -7.7299 4.9217 0 0
925 2.6371 9.6366 0 0
926 0.0812 2.0991 0 0
927 -8.2483 9.5987 0 0
928 -9.2319 9.6933 0 0
929 -9.6635 9.1994 0 0
930 1.0726 6.8156 0 0
931 3.3513 9.6530 0 0
932 5.3754 4.0134 0 0
933 -0.4051 7.7617 0 0
934 -7.1847 2.2707 0 0
935 8.2594 0.3362 0 0
936 -3.0113 9.0829 0 0
937 -2.6278 2.0202 0 0
938 -2.5989 6.7740 0 0
939 1.2339 1.8546 0 0
940 9.6953 5.2279 0 0
941 -7.5464 6.2538 0 0
942 -6.2453 4.5927 0 0
943 -5.8990 4.3235 0 0
944 -0.8099 8.8921 0 0
945 0.9072 3.0681 0 0
946 -1.9911 3.7470 0 0
947 -4.4317 3.6715 0 0
948 -8.9492 0.8494 0 0
949 -5.6684 0.8910 0 0
950 -6.5351 2.2247 0 0
951 -7.5501 2.1428 0 0
952 5.5630 2.9102 0 0
953 4.4387 0.3875 0 0
954 -0.9796 2.7358 0 0
955 -0.4718 9.0598 0 0
956 0.6886 4.4141 0 0
957 -4.3140 6.5445 0 0
958 -4.6305 6.8647 0 0
959 7.0331 7.7659 0 0
960 2.4549 6.5806 0 0
961 -7.2356 1.5039 0 0
962 -3.2334 0.3253 0 0
963 -5.0073 5.4662 0 0
964 5.2874 3.3073 0 0
965 0.7916 2.3060 0 0
966 -9.2608 0.3058 0 0
967 -0.3734 7.1579 0 0
968 2.3038 5.0576 0 0
969 -9.6866 3.2827 0 0
970 0.4565 4.0741 0 0
971 -2.1497 0.9775 0 0
972 3.5667 8.8274 0 0
973 -7.3679 9.0659 0 0
974 4.0290 5.0605 0 0
975 -2.5899 7.6988 0 0
976 7.8676 1.7739 0 0
977 -8.3937 8.4697 0 0
978 -8.5444 5.0247 0 0
979 -0.5929 2.5714 0 0
980 9.6614 6.3607 0 0
981 -1.6093 3.8577 0 0
982 9.1021 9.6345 0 0
983 -2.3959 0.3910 0 0
984 -0.7775 7.8069 0 0
985 4.4683 0.8703 0 0
986 -5.1659 6.3911 0 0
987 7.2528 2.1717 0 0
988 -9.1083 3.6316 0 0
989 2.9392 3.8339 0 0
990 6.5670 3.8112 0 0
991 -9.1760 2.9580 0 0
992 8.5601 5.3821 0 0
993 -0.0991 7.9593 0 0
994 0.7812 9.2396 0 0
995 -5.1122 8.8208 0 0
996 8.1523 5.2485 0 0
997 9.6775 3.2244 0 0
998 6.3197 8.8521 0 0
999 -7.4808 7.7984 0 0
1000 -4.0478 4.8505 0 0
1001 9.6658 0.3342 0 0
1002 9.6132 9.6120 0 0
1003 -1.8819 4.4998 0 0
1004 0.8914 0.3673 0 0
1005 8.1281 1.4002 0 0
1006 0.4209 1.7671 0 0
1007 -3.3545 5.3423 0 0
1008 -7.2164 4.5603 0 0
1009 2.1909 6.8066 0 0
1010 3.5328 4.0659 0 0
1011 -4.7500 9.7259 0 0
1012 8.9679 2.9371 0 0
1013 7.8224 3.0460 0 0
1014 0.5391 3.3625 0 0
1015 -1.4913 6.9187 0 0
1016 -8.2192 0.9580 0 0
1017 2.8684 7.0527 0 0
1018 4.2422 9.7217 0 0
1019 -6.8771 2.0670 0 0
1020 1.3879 6.7476 0 0
1021 6.6211 0.3484 0 0
1022 1.7498 0.2881 0 0
1023 -8.1442 7.2597 0 0
1024 9.1546 3.5245 0 0
1025 2.4159 7.8891 0 0
1026 -9.7298 5.2500 0 0
1027 -9.0918 6.5893 0 0
1028 6.2183 2.8163 0 0
1029 2.8049 1.2318 0 0
1030 4.9745 2.5769 0 0
1031 1.8503 4.3481 0 0
1032 5.9267 3.6070 0 0
1033 -6.0235 3.1462 0 0
1034 -6.8995 6.5986 0 0
1035 5.4948 9.6411 0 0
1036 1.8749 5.0500 0 0
1037 -6.5419 8.4095 0 0
1038 3.1490 8.1302 0 0
1039 -7.2790 0.2917 0 0
1040 9.2025 4.7031 0 0
1041 2.2500 9.7333 0 0
1042 -8.0776 9.2433 0 0
1043 4.6976 8.6954 0 0
1044 -9.1723 4.8787 0 0
1045 4.9848 0.9340 0 0
1046 0.8591 7.8454 0 0
1047 -8.7063 5.6785 0 0
1048 2.6974 2.3139 0 0
1049 0.7362 8.5616 0 0
1050 -8.1116 8.1137 0 0
1051 5.8548 5.7638 0 0
1052 7.8060 9.1240 0 0
1053 -4.2894 9.1695 0 0
1054 5.1583 7.5611 0 0
1055 7.7998 6.9618 0 0
1056 -2.9676 3.7599 0 0
1057 0.9555 6.2129 0 0
1058 -5.8516 7.0929 0 0
1059 -5.0161 6.8316 0 0
1060 1.0798 4.2892 0 0
1061 -6.9033 8.3405 0 0
1062 -1.5481 4.3029 0 0
1063 5.7500 0.2724 0 0
1064 7.1819 0.8130 0 0
1065 -0.8910 4.9753 0 0
1066 -4.9617 0.8128 0 0
1067 4.4649 6.2376 0 0
1068 -7.3582 5.5545 0 0
1069 3.4203 4.9368 0 0
1070 -6.5936 1.4812 0 0
1071 -1.1478 7.5500 0 0
1072 -2.9725 0.7251 0 0
1073 4.9937 1.6526 0 0
1074 5.7295 2.5423 0 0
1075 0.7115 3.7460 0 0
1076 4.7988 0.2969 0 0
1077 -7.4089 3.5384 0 0
1078 -8.7945 8.3941 0 0
1079 -1.4166 5.9272 0 0
1080 5.5274 3.6636 0 0
1081 -6.6067 7.2299 0 0
1082 -2.4699 3.2654 0 0
1083 4.4038 7.7555 0 0
1084 6.1337 0.8293 0 0
1085 -6.7689 5.2398 0 0
1086 -9.7466 6.2500 0 0
1087 -3.9617 6.7868 0 0
1088 -8.4535 3.3907 0 0
1089 8.5694 2.6356 0 0
1090 8.2995 7.3428 0 0
1091 0.8982 5.4830 0 0
1092 -2.8873 2.2948 0 0
1093 2.5974 9.2432 0 0
1094 -1.9173 7.7225 0 0
1095 -5.1894 7.2074 0 0
1096 -8.8357 7.2541 0 0
1097 -2.9279 4.8525 0 0
1098 7.4010 9.2416 0 0
1099 -7.6733 8.6498 0 0
1100 6.2203 4.7547 0 0
1101 -6.1136 1.8254 0 0
1102 1.9525 0.9091 0 0
