0 3 0 25 185 70
1 3 0 9 63 163
2 3 0 185 131 70
3 3 0 163 63 99
4 3 0 66 10 266
5 3 0 24 67 267
6 3 0 267 67 135
7 3 0 134 66 266
8 3 0 214 126 60
9 3 0 215 57 128
10 3 0 104 149 268
11 3 0 105 269 150
12 3 0 18 109 227
13 3 0 20 106 226
14 3 0 16 108 225
15 3 0 37 38 123
16 3 0 41 122 48
17 3 0 127 257 166
18 3 0 125 165 255
19 3 0 70 131 81
20 3 0 86 136 267
21 3 0 89 281 141
22 3 0 90 282 143
23 3 0 91 137 284
24 3 0 92 139 283
25 3 0 104 268 173
26 3 0 105 171 269
27 3 0 63 251 81
28 3 0 104 262 149
29 3 0 105 150 263
30 3 0 46 47 126
31 3 0 39 40 128
32 3 0 94 116 270
33 3 0 93 271 117
34 3 0 25 213 185
35 3 0 82 167 177
36 3 0 161 57 215
37 3 0 159 214 60
38 3 0 93 191 271
39 3 0 94 270 193
40 3 0 70 81 251
41 3 0 111 259 195
42 3 0 34 35 125
43 3 0 43 44 127
44 3 0 84 262 145
45 3 0 83 146 263
46 3 0 29 30 139
47 3 0 28 29 139
48 3 0 31 32 141
49 3 0 0 141 32
50 3 0 1 2 137
51 3 0 4 5 143
52 3 0 5 6 143
53 3 0 2 3 137
54 3 0 87 148 155
55 3 0 88 156 147
56 3 0 96 201 277
57 3 0 85 158 116
58 3 0 85 117 164
59 3 0 83 153 192
60 3 0 84 190 154
61 3 0 62 115 127
62 3 0 71 125 114
63 3 0 10 200 133
64 3 0 107 196 239
65 3 0 95 260 200
66 3 0 86 230 136
67 3 0 95 195 259
68 3 0 82 177 186
69 3 0 152 233 194
70 3 0 133 200 260
71 3 0 113 158 157
72 3 0 201 301 277
73 3 0 11 12 195
74 3 0 22 23 196
75 3 0 14 225 110
76 3 0 18 226 109
77 3 0 16 227 108
78 3 0 90 143 298
79 3 0 92 297 139
80 3 0 76 127 210
81 3 0 79 211 125
82 3 0 83 263 150
83 3 0 84 149 262
84 3 0 113 157 240
85 3 0 36 299 249
86 3 0 42 250 300
87 3 0 57 58 202
88 3 0 59 60 203
89 3 0 98 185 213
90 3 0 89 141 204
91 3 0 91 205 137
92 3 0 89 219 142
93 3 0 91 138 218
94 3 0 90 217 144
95 3 0 92 140 216
96 3 0 98 243 274
97 3 0 97 275 242
98 3 0 98 180 243
99 3 0 97 242 181
100 3 0 37 123 224
101 3 0 41 223 122
102 3 0 99 152 194
103 3 0 80 178 275
104 3 0 82 274 179
105 3 0 60 126 203
106 3 0 57 202 128
107 3 0 117 253 122
108 3 0 116 123 254
109 3 0 78 206 214
110 3 0 77 215 207
111 3 0 136 230 277
112 3 0 84 145 190
113 3 0 83 192 146
114 3 0 89 204 176
115 3 0 91 175 205
116 3 0 148 275 178
117 3 0 147 179 274
118 3 0 8 9 212
119 3 0 25 26 213
120 3 0 14 110 235
121 3 0 20 236 106
122 3 0 62 174 149
123 3 0 71 150 172
124 3 0 89 142 281
125 3 0 90 144 282
126 3 0 92 283 140
127 3 0 91 284 138
128 3 0 0 204 141
129 3 0 1 137 205
130 3 0 84 154 250
131 3 0 83 249 153
132 3 0 153 249 299
133 3 0 154 300 250
134 3 0 73 279 167
135 3 0 54 169 189
136 3 0 85 116 151
137 3 0 85 151 117
138 3 0 83 150 249
139 3 0 84 250 149
140 3 0 80 168 178
141 3 0 82 179 167
142 3 0 81 131 177
143 3 0 8 212 181
144 3 0 26 180 213
145 3 0 27 171 244
146 3 0 7 245 173
147 3 0 17 18 227
148 3 0 19 20 226
149 3 0 15 16 225
150 3 0 113 272 158
151 3 0 147 156 179
152 3 0 148 178 155
153 3 0 46 126 206
154 3 0 40 207 128
155 3 0 269 172 150
156 3 0 268 149 174
157 3 0 132 277 230
158 3 0 38 202 123
159 3 0 48 122 203
160 3 0 136 277 301
161 3 0 44 210 127
162 3 0 34 125 211
163 3 0 72 121 101
164 3 0 61 120 100
165 3 0 61 102 119
166 3 0 72 103 118
167 3 0 74 273 164
168 3 0 73 168 279
169 3 0 122 253 203
170 3 0 123 202 254
171 3 0 75 158 272
172 3 0 88 147 243
173 3 0 87 242 148
174 3 0 59 203 253
175 3 0 58 254 202
176 3 0 81 177 152
177 3 0 132 170 277
178 3 0 167 279 177
179 3 0 53 54 189
180 3 0 93 122 223
181 3 0 94 224 123
182 3 0 58 59 151
183 3 0 36 249 303
184 3 0 42 302 250
185 3 0 96 277 170
186 3 0 97 163 194
187 3 0 96 196 201
188 3 0 95 200 195
189 3 0 80 233 168
190 3 0 50 184 278
191 3 0 97 194 275
192 3 0 86 267 276
193 3 0 52 280 183
194 3 0 145 262 208
195 3 0 146 209 263
196 3 0 96 239 196
197 3 0 87 130 242
198 3 0 88 243 129
199 3 0 80 194 233
200 3 0 74 145 237
201 3 0 75 238 146
202 3 0 107 188 236
203 3 0 49 188 187
204 3 0 111 235 197
205 3 0 106 278 184
206 3 0 53 189 197
207 3 0 110 183 280
208 3 0 98 274 186
209 3 0 106 188 278
210 3 0 87 221 130
211 3 0 88 129 220
212 3 0 89 176 285
213 3 0 91 287 175
214 3 0 110 280 197
215 3 0 71 165 125
216 3 0 62 127 166
217 3 0 124 260 169
218 3 0 99 194 163
219 3 0 95 169 260
220 3 0 74 191 145
221 3 0 75 146 193
222 3 0 107 295 196
223 3 0 111 195 296
224 3 0 102 228 119
225 3 0 101 121 229
226 3 0 51 199 182
227 3 0 51 182 198
228 3 0 50 198 184
229 3 0 52 183 199
230 3 0 93 154 190
231 3 0 94 192 153
232 3 0 103 231 118
233 3 0 100 120 232
234 3 0 62 149 115
235 3 0 71 114 150
236 3 0 106 236 188
237 3 0 56 187 170
238 3 0 85 289 157
239 3 0 14 15 225
240 3 0 18 19 226
241 3 0 16 17 227
242 3 0 135 222 276
243 3 0 116 254 151
244 3 0 117 151 253
245 3 0 110 197 235
246 3 0 109 182 227
247 3 0 106 184 226
248 3 0 108 183 225
249 3 0 124 169 261
250 3 0 54 261 169
251 3 0 26 244 180
252 3 0 8 181 245
253 3 0 116 158 270
254 3 0 11 195 200
255 3 0 23 201 196
256 3 0 92 256 297
257 3 0 90 298 258
258 3 0 117 271 164
259 3 0 85 164 289
260 3 0 56 170 246
261 3 0 10 133 266
262 3 0 119 218 138
263 3 0 120 144 217
264 3 0 121 142 219
265 3 0 118 216 140
266 3 0 126 214 206
267 3 0 128 207 215
268 3 0 87 155 237
269 3 0 88 238 156
270 3 0 30 283 139
271 3 0 31 141 281
272 3 0 4 143 282
273 3 0 3 284 137
274 3 0 222 134 276
275 3 0 80 275 194
276 3 0 88 209 238
277 3 0 87 237 208
278 3 0 73 240 241
279 3 0 130 173 245
280 3 0 129 244 171
281 3 0 50 51 198
282 3 0 51 52 199
283 3 0 91 218 287
284 3 0 90 286 217
285 3 0 92 216 288
286 3 0 89 285 219
287 3 0 10 11 200
288 3 0 23 24 201
289 3 0 85 157 158
290 3 0 168 233 279
291 3 0 49 187 56
292 3 0 13 14 235
293 3 0 20 21 236
294 3 0 113 179 156
295 3 0 112 155 178
296 3 0 27 269 171
297 3 0 7 173 268
298 3 0 98 186 185
299 3 0 147 274 243
300 3 0 148 242 275
301 3 0 107 187 188
302 3 0 82 186 274
303 3 0 113 167 179
304 3 0 112 178 168
305 3 0 74 164 271
306 3 0 75 270 158
307 3 0 93 223 154
308 3 0 94 153 224
309 3 0 145 191 190
310 3 0 146 192 193
311 3 0 58 151 254
312 3 0 59 253 151
313 3 0 77 285 176
314 3 0 78 175 287
315 3 0 92 255 256
316 3 0 90 258 257
317 3 0 132 230 234
318 3 0 124 234 230
319 3 0 132 246 170
320 3 0 157 241 240
321 3 0 90 257 286
322 3 0 92 288 255
323 3 0 81 152 99
324 3 0 98 213 180
325 3 0 97 181 212
326 3 0 28 139 297
327 3 0 6 298 143
328 3 0 124 261 234
329 3 0 110 225 183
330 3 0 109 226 184
331 3 0 108 227 182
332 3 0 170 187 239
333 3 0 129 171 220
334 3 0 130 221 173
335 3 0 49 278 188
336 3 0 96 170 239
337 3 0 53 197 280
338 3 0 104 221 208
339 3 0 105 209 220
340 3 0 67 68 290
341 3 0 65 66 290
342 3 0 73 241 168
343 3 0 87 208 221
344 3 0 88 220 209
345 3 0 169 259 189
346 3 0 73 167 240
347 3 0 21 22 295
348 3 0 12 13 296
349 3 0 26 27 244
350 3 0 7 8 245
351 3 0 114 249 150
352 3 0 115 149 250
353 3 0 95 259 169
354 3 0 107 239 187
355 3 0 146 238 209
356 3 0 145 208 237
357 3 0 55 56 246
358 3 0 40 293 207
359 3 0 46 206 292
360 3 0 79 288 216
361 3 0 76 217 286
362 3 0 78 287 218
363 3 0 77 219 285
364 3 0 69 251 252
365 3 0 63 64 251
366 3 0 64 65 252
367 3 0 64 252 251
368 3 0 68 69 252
369 3 0 69 70 251
370 3 0 105 220 171
371 3 0 104 173 221
372 3 0 78 214 175
373 3 0 77 176 215
374 3 0 111 197 189
375 3 0 44 291 210
376 3 0 34 211 294
377 3 0 129 180 244
378 3 0 130 245 181
379 3 0 112 168 241
380 3 0 94 193 192
381 3 0 93 190 191
382 3 0 113 240 167
383 3 0 108 182 199
384 3 0 109 198 182
385 3 0 109 184 198
386 3 0 108 199 183
387 3 0 104 208 262
388 3 0 105 263 209
389 3 0 78 218 228
390 3 0 77 229 219
391 3 0 79 216 231
392 3 0 76 232 217
393 3 0 129 243 180
394 3 0 130 181 242
395 3 0 76 286 257
396 3 0 79 255 288
397 3 0 54 55 261
398 3 0 78 228 206
399 3 0 77 207 229
400 3 0 75 156 238
401 3 0 74 237 155
402 3 0 79 231 211
403 3 0 76 210 232
404 3 0 111 189 259
405 3 0 131 185 186
406 3 0 41 42 300
407 3 0 36 37 299
408 3 0 75 193 270
409 3 0 74 271 191
410 3 0 49 50 278
411 3 0 113 156 272
412 3 0 112 273 155
413 3 0 55 246 234
414 3 0 124 230 264
415 3 0 44 45 291
416 3 0 45 46 292
417 3 0 33 293 40
418 3 0 33 34 294
419 3 0 52 53 280
420 3 0 162 176 204
421 3 0 160 205 175
422 3 0 72 101 248
423 3 0 72 248 103
424 3 0 61 100 247
425 3 0 61 247 102
426 3 0 112 289 273
427 3 0 55 234 261
428 3 0 35 36 303
429 3 0 42 43 302
430 3 0 66 222 290
431 3 0 75 272 156
432 3 0 74 155 273
433 3 0 124 264 260
434 3 0 67 290 222
435 3 0 159 175 214
436 3 0 161 215 176
437 3 0 24 301 201
438 3 0 86 264 230
439 3 0 159 160 175
440 3 0 161 176 162
441 3 0 67 222 135
442 3 0 66 134 222
443 3 0 37 224 299
444 3 0 41 300 223
445 3 0 164 273 289
446 3 0 132 234 246
447 3 0 45 247 291
448 3 0 45 292 247
449 3 0 33 294 248
450 3 0 33 248 293
451 3 0 136 301 267
452 3 0 153 299 224
453 3 0 154 223 300
454 3 0 133 260 264
455 3 0 134 266 265
456 3 0 107 236 295
457 3 0 111 296 235
458 3 0 65 290 252
459 3 0 68 252 290
460 3 0 24 267 301
461 3 0 121 219 229
462 3 0 119 228 218
463 3 0 157 289 241
464 3 0 118 231 216
465 3 0 120 217 232
466 3 0 22 196 295
467 3 0 12 296 195
468 3 0 86 276 265
469 3 0 115 250 302
470 3 0 114 303 249
471 3 0 134 265 276
472 3 0 112 241 289
473 3 0 13 235 296
474 3 0 21 295 236
475 3 0 152 177 279
476 3 0 101 207 293
477 3 0 102 292 206
478 3 0 100 210 291
479 3 0 103 294 211
480 3 0 133 265 266
481 3 0 102 247 292
482 3 0 101 293 248
483 3 0 103 248 294
484 3 0 100 291 247
485 3 0 135 276 267
486 3 0 133 264 265
487 3 0 165 256 255
488 3 0 166 257 258
489 3 0 86 265 264
490 3 0 101 229 207
491 3 0 102 206 228
492 3 0 100 232 210
493 3 0 103 211 231
494 3 0 152 279 233
495 3 0 0 57 162
496 3 0 0 162 204
497 3 0 1 160 60
498 3 0 1 205 160
499 3 0 3 61 138
500 3 0 3 138 284
501 3 0 4 144 61
502 3 0 4 282 144
503 3 0 6 62 258
504 3 0 6 258 298
505 3 0 7 174 62
506 3 0 7 268 174
507 3 0 27 71 172
508 3 0 27 172 269
509 3 0 28 256 71
510 3 0 28 297 256
511 3 0 30 72 140
512 3 0 30 140 283
513 3 0 31 142 72
514 3 0 31 281 142
515 3 0 57 161 162
516 3 0 60 160 159
517 3 0 61 119 138
518 3 0 61 144 120
519 3 0 62 166 258
520 3 0 71 256 165
521 3 0 72 118 140
522 3 0 72 142 121
523 3 0 9 163 212
524 3 0 35 303 125
525 3 0 38 39 202
526 3 0 39 128 202
527 3 0 43 127 302
528 3 0 47 48 203
529 3 0 47 203 126
530 3 0 63 81 99
531 3 0 76 257 127
532 3 0 79 125 255
533 3 0 93 117 122
534 3 0 94 123 116
535 3 0 97 212 163
536 3 0 114 125 303
537 3 0 115 302 127
538 3 0 131 186 177
