0 0.0000 100.0000 0 0
1 0.0000 -100.0000 0 0
2 1.4645 -103.5355 0 0
3 5.0000 -105.0000 0 0
4 78.0000 -105.0000 0 0
5 81.5355 -103.5355 0 0
6 83.0000 -100.0000 0 0
7 83.0000 -35.0000 0 0
8 84.4645 -31.4645 0 0
9 88.0000 -30.0000 0 0
10 315.2195 -30.0000 0 0
11 322.3414 -40.6586 0 0
12 340.9957 -53.1231 0 0
13 363.0000 -57.5000 0 0
14 385.0043 -53.1231 0 0
15 403.6586 -40.6586 0 0
16 416.1231 -22.0043 0 0
17 420.5000 -0.0000 0 0
18 416.1231 22.0043 0 0
19 403.6586 40.6586 0 0
20 385.0043 53.1231 0 0
21 363.0000 57.5000 0 0
22 340.9957 53.1231 0 0
23 322.3414 40.6586 0 0
24 315.2195 30.0000 0 0
25 88.0000 30.0000 0 0
26 84.4645 31.4645 0 0
27 83.0000 35.0000 0 0
28 83.0000 100.0000 0 0
29 81.5355 103.5355 0 0
30 78.0000 105.0000 0 0
31 5.0000 105.0000 0 0
32 1.4645 103.5355 0 0
33 41.5000 80.0000 -1 -1
34 50.3388 76.3388 -1 -1
35 54.0000 67.5000 -1 -1
36 50.3388 58.6612 -1 -1
37 41.5000 55.0000 -1 -1
38 32.6612 58.6612 -1 -1
39 29.0000 67.5000 -1 -1
40 32.6612 76.3388 -1 -1
41 41.5000 -55.0000 -1 -1
42 50.3388 -58.6612 -1 -1
43 54.0000 -67.5000 -1 -1
44 50.3388 -76.3388 -1 -1
45 41.5000 -80.0000 -1 -1
46 32.6612 -76.3388 -1 -1
47 29.0000 -67.5000 -1 -1
48 32.6612 -58.6612 -1 -1
49 363.0000 12.5000 0 0
50 371.8388 8.8388 0 0
51 375.5000 0.0000 0 0
52 371.8388 -8.8388 0 0
53 363.0000 -12.5000 0 0
54 354.1612 -8.8388 0 0
55 350.5000 0.0000 0 0
56 354.1612 8.8388 0 0
57 0.0000 60.0000 0 0
58 0.0000 20.0000 0 0
59 0.0000 -20.0000 0 0
60 0.0000 -60.0000 0 0
61 41.5000 -105.0000 0 0
62 83.0000 -67.5000 0 0
63 133.4439 -30.0000 0 0
64 178.8878 -30.0000 0 0
65 224.3317 -30.0000 0 0
66 269.7756 -30.0000 0 0
67 269.7756 30.0000 0 0
68 224.3317 30.0000 0 0
69 178.8878 30.0000 0 0
70 133.4439 30.0000 0 0
71 83.0000 67.5000 0 0
72 41.5000 105.0000 0 0
73 73.5025 0.0000 0 0
74 58.6151 -22.8284 0 0
75 58.6151 22.8284 0 0
76 65.1786 -88.0876 0 0
77 16.5406 88.4594 0 0
78 16.5406 -88.4594 0 0
79 65.1786 88.0876 0 0
80 79.5872 -14.1980 0 0
81 106.6527 2.9550 0 0
82 79.7787 14.0379 0 0
83 61.9228 43.0180 0 0
84 61.9228 -43.0180 0 0
85 48.5563 -0.0000 0 0
86 318.9948 3.0689 0 0
87 72.0087 -27.5915 0 0
88 72.0087 27.5915 0 0
89 9.3255 96.4312 0 0
90 74.5615 -96.1940 0 0
91 9.3255 -96.4312 0 0
92 74.5615 96.1940 0 0
93 46.2270 -34.7911 0 0
94 46.2270 34.7911 0 0
95 336.7949 -23.2924 0 0
96 337.1846 24.0292 0 0
97 83.1026 -23.1766 0 0
98 83.1026 23.1766 0 0
99 101.8698 -13.5689 0 0
100 51.6614 -92.7755 0 0
101 31.3386 92.7755 0 0
102 31.3386 -92.7755 0 0
103 51.6614 92.7755 0 0
104 73.6397 -38.6850 0 0
105 73.6397 38.6850 0 0
106 377.1089 30.7735 0 0
107 353.9004 32.6391 0 0
108 394.4481 -13.5399 0 0
109 394.8113 12.6630 0 0
110 376.7496 -31.1293 0 0
111 355.5656 -31.6591 0 0
112 67.0506 -11.9271 0 0
113 65.6904 11.0880 0 0
114 67.3976 60.9606 0 0
115 67.3976 -60.9606 0 0
116 39.2193 18.5964 0 0
117 39.2148 -18.5930 0 0
118 58.0584 97.6173 0 0
119 24.9416 -97.6173 0 0
120 58.0584 -97.6173 0 0
121 24.9416 97.6173 0 0
122 31.2463 -42.7454 0 0
123 31.2463 42.7454 0 0
124 336.2649 -6.9413 0 0
125 65.5585 75.0494 0 0
126 19.3551 -70.2208 0 0
127 65.5585 -75.0494 0 0
128 19.3551 70.2208 0 0
129 77.1595 30.4858 0 0
130 77.1595 -30.4858 0 0
131 100.5073 15.8226 0 0
132 338.7775 8.1252 0 0
133 321.4111 -18.4632 0 0
134 295.4361 -11.3242 0 0
135 290.0132 12.2939 0 0
136 323.3574 13.5301 0 0
137 4.3715 -100.3264 0 0
138 15.9062 -100.9882 0 0
139 78.7763 100.6320 0 0
140 67.1994 100.9600 0 0
141 4.3715 100.3264 0 0
142 15.9062 100.9882 0 0
143 78.7763 -100.6320 0 0
144 67.1994 -100.9600 0 0
145 61.4898 -33.5716 0 0
146 61.4898 33.5716 0 0
147 74.2822 21.8552 0 0
148 74.2822 -21.8552 0 0
149 72.1787 -48.1630 0 0
150 72.1787 48.1630 0 0
151 23.8188 0.0005 0 0
152 90.6910 -4.8656 0 0
153 52.5519 45.9196 0 0
154 52.5519 -45.9196 0 0
155 67.2809 -20.3671 0 0
156 67.0091 20.4975 0 0
157 61.1646 2.5894 0 0
158 54.4189 11.7019 0 0
159 5.5441 -79.3434 0 0
160 3.3051 -84.2956 0 0
161 5.5441 79.3434 0 0
162 3.3051 84.2956 0 0
163 92.8901 -21.3209 0 0
164 53.5805 -12.7216 0 0
165 75.9620 80.6638 0 0
166 75.9620 -80.6638 0 0
167 74.8569 8.1154 0 0
168 74.8916 -8.1545 0 0
169 344.0060 -14.2969 0 0
170 344.7559 15.7466 0 0
171 78.2756 34.9540 0 0
172 80.5220 46.9590 0 0
173 78.2756 -34.9540 0 0
174 80.5220 -46.9590 0 0
175 8.6318 -87.7391 0 0
176 8.6318 87.7391 0 0
177 86.6381 7.0166 0 0
178 73.5567 -15.8580 0 0
179 73.3811 15.7499 0 0
180 81.3691 28.3248 0 0
181 81.3691 -28.3248 0 0
182 389.5713 0.0000 0 0
183 381.2064 -18.2317 0 0
184 381.6915 17.6667 0 0
185 91.1633 22.5604 0 0
186 86.8332 17.1016 0 0
187 354.7618 20.1161 0 0
188 364.6970 25.5105 0 0
189 354.8139 -19.1530 0 0
190 55.0109 -37.5090 0 0
191 53.9955 -29.9453 0 0
192 55.0109 37.5090 0 0
193 53.9955 29.9453 0 0
194 87.1391 -15.9745 0 0
195 340.1243 -35.2688 0 0
196 340.0328 35.9893 0 0
197 364.8669 -25.3125 0 0
198 382.6826 7.8337 0 0
199 382.5357 -8.0919 0 0
200 327.6994 -27.9374 0 0
201 328.0913 28.2316 0 0
202 16.7745 51.3686 0 0
203 16.7745 -51.3686 0 0
204 5.1268 93.7585 0 0
205 5.1268 -93.7585 0 0
206 24.6709 -83.8119 0 0
207 24.6709 83.8119 0 0
208 68.7376 -33.4093 0 0
209 68.7376 33.4093 0 0
210 56.7761 -84.7444 0 0
211 56.7761 84.7444 0 0
212 85.4770 -26.6416 0 0
213 85.4770 26.6416 0 0
214 12.4571 -78.2624 0 0
215 12.4571 78.2624 0 0
216 66.1717 95.2991 0 0
217 66.1717 -95.2991 0 0
218 17.0217 -94.9395 0 0
219 17.0217 94.9395 0 0
220 73.7594 33.3707 0 0
221 73.7594 -33.3707 0 0
222 278.4405 0.2326 0 0
223 43.1928 -45.7484 0 0
224 43.1928 45.7484 0 0
225 392.8650 -29.7811 0 0
226 393.0663 29.4815 0 0
227 405.2628 -0.1461 0 0
228 22.9027 -91.5207 0 0
229 22.9027 91.5207 0 0
230 330.7676 3.1481 0 0
231 59.5692 91.7048 0 0
232 59.5692 -91.7048 0 0
233 82.8049 -8.2129 0 0
234 341.4626 0.3444 0 0
235 365.8373 -42.6938 0 0
236 365.8768 42.1928 0 0
237 64.9888 -26.9325 0 0
238 64.9746 26.9393 0 0
239 346.2577 25.9513 0 0
240 68.6128 4.5968 0 0
241 67.9862 -3.7739 0 0
242 77.9552 -25.2382 0 0
243 77.9552 25.2382 0 0
244 80.8537 32.0458 0 0
245 80.8537 -32.0458 0 0
246 345.9787 6.8163 0 0
247 41.5000 -89.8108 0 0
248 41.5000 89.9913 0 0
249 58.5969 52.7907 0 0
250 58.5969 -52.7907 0 0
251 155.4876 0.4925 0 0
252 200.8781 0.0419 0 0
253 22.2109 -26.5413 0 0
254 22.2118 26.5422 0 0
255 72.7050 87.5139 0 0
256 79.0352 89.2890 0 0
257 72.7050 -87.5139 0 0
258 79.0352 -89.2890 0 0
259 346.2610 -24.7340 0 0
260 331.9851 -15.3806 0 0
261 345.2789 -5.9465 0 0
262 67.6584 -39.3393 0 0
263 67.6584 39.3393 0 0
264 325.9665 -7.2506 0 0
265 313.3798 -8.8000 0 0
266 303.0444 -19.7175 0 0
267 306.4132 16.0835 0 0
268 77.5232 -40.7522 0 0
269 77.5232 40.7522 0 0
270 49.9636 22.8451 0 0
271 49.8432 -22.9903 0 0
272 61.3388 16.3574 0 0
273 61.5023 -15.3258 0 0
274 79.2222 19.5266 0 0
275 79.2705 -19.3834 0 0
276 300.4463 1.9258 0 0
277 331.9931 16.5823 0 0
278 371.6673 19.0579 0 0
279 81.1061 -0.3158 0 0
280 371.5324 -19.2025 0 0
281 8.6508 100.6865 0 0
282 74.6343 -100.6965 0 0
283 74.6343 100.6965 0 0
284 8.6508 -100.6865 0 0
285 12.9237 92.0092 0 0
286 69.6542 -91.7736 0 0
287 12.9237 -92.0092 0 0
288 69.6542 91.7736 0 0
289 60.9633 -6.7577 0 0
290 244.5889 0.0458 0 0
291 48.3679 -84.5691 0 0
292 34.3341 -84.5474 0 0
293 34.3341 84.5835 0 0
294 48.3679 84.5948 0 0
295 352.7611 44.2889 0 0
296 353.1046 -44.0490 0 0
297 78.8432 96.5287 0 0
298 78.8432 -96.5287 0 0
299 49.2361 51.6240 0 0
300 49.2361 -51.6240 0 0
301 321.0170 22.6458 0 0
302 59.1784 -62.9924 0 0
303 59.1784 62.9924 0 0
